A17	C29	A60	A26	A35	C22	B49	B56	B44	B2	B55	A2	A76	C25	A49	B48	B33	C11	B7	B31	C8	B52	B67	C31	A41	A37	B61	A78	A53	C21	C26	A21	C13	A7	A72	A6	A42	A27	A69	B22	A20	C3	C12	A18	C20	A24	A65	B5	B29	A73	A74	B79	B73	A11	C6	B43	A8	B69	A30	A36	C33	C2	A40	B45	A48	A70	C9	A39	B28	B14	A19	C18	A3	C16	B51	C30	B39	A62	A4	B40	B47	B8	B57	B1	A43	A1	A56	A54	B36	B16	A61	B41	B77	A57	A75	C1	C19	A64	A63	B25	B26	A28	A52	A71	B70	A68	C28	C10	A31	B68	B9	C14	B35	A51	A45	B58	B3	B66	C32	B64	B78	B12	B13	A9	B60	A66	C17	B19	A29	B54	A5	C27	B42	B37	A12	B74	A58	B72	A34	B6	C24	B10	A14	C4	C15	A22	A44	B34	B21	A59	B15	B17	B32	B23	A32	B62	C7	B53	B71	A16	A25	B38	A10	A77	A67	B11	B4	A55	B63	A23	A47	A50	A13	B24	A46	A79	A38	B46	C23	A33	B27	C5	B18	B30	B20	A15	B75	B50	B76	B59	B65
Milneviricetes	0	0	0	0	0	0	0	0	0	0	0	0	0	0	0	0	0	0	0	0	0	0	0	0	0	0	0	0	0	0	0	0	0	0	0	0	0	0	0	0	0	0	0	0	0	0	0	0	0	0	0	0	0	0	0	0	0	0	0	0	0	0	0	0	0	0	0	0	0	0	0	0	0	0	0	0	0	0	0	0	0	0	0	0	0	0	0	0	0	0	0	1	0	0	0	0	0	0	0	0	0	0	0	0	0	0	0	0	0	0	0	0	0	0	0	0	0	0	0	0	0	0	0	0	0	0	0	0	0	0	0	0	0	0	0	0	0	0	0	0	0	0	0	0	0	0	0	0	1	0	0	0	0	1	0	0	0	0	0	0	0	0	0	0	0	0	0	0	0	0	0	0	0	0	0	0	0	8	0	0	0	0	0	0	0	0	0	0	0	0	0
Monjiviricetes	0	0	0	0	0	0	0	0	0	0	0	0	0	0	0	0	0	0	0	0	0	0	0	0	0	0	0	0	0	0	1	0	0	0	0	0	0	0	0	0	0	0	0	0	0	1	1	0	0	0	0	0	0	0	0	0	0	0	0	0	0	0	1	0	0	0	0	0	0	0	0	0	0	0	0	0	0	0	0	0	0	0	0	0	0	0	0	0	0	1	0	0	0	0	0	0	0	0	0	0	0	0	0	0	0	0	0	0	0	0	0	0	0	0	0	0	9	0	1	0	0	0	0	0	0	0	0	0	0	0	0	0	0	0	0	0	0	0	0	0	0	0	0	0	0	0	0	0	0	0	0	0	0	0	0	0	0	0	1	0	0	1	0	0	0	0	0	0	0	0	0	0	0	0	0	0	0	0	0	0	0	0	0	0	0	0	0	0	0	0	0
Ellioviricetes	0	1	0	0	0	0	0	0	0	0	0	0	0	0	0	0	0	0	0	0	0	0	0	2	0	0	0	0	0	0	0	0	0	0	0	0	0	0	0	0	0	0	0	0	0	0	0	0	0	0	0	2	1	0	1	0	0	0	0	0	0	0	0	0	0	0	0	0	0	0	0	0	0	1	0	0	0	0	0	0	0	0	0	0	2	0	0	0	0	0	0	0	0	0	2	0	0	0	0	1	0	0	0	0	0	0	0	0	0	0	0	0	0	0	0	1	0	0	0	0	0	0	1	0	0	1	0	2	0	1	0	0	0	0	1	0	0	0	0	0	0	0	0	0	0	0	0	0	0	0	0	0	0	0	0	0	0	0	0	0	0	0	0	0	0	0	0	0	1	0	0	0	0	0	0	0	0	0	0	0	0	0	0	0	0	0	0	0	0	0	0
Insthoviricetes	0	0	0	0	0	0	0	0	0	0	0	0	0	0	0	0	0	0	0	0	0	0	0	0	0	0	0	0	0	0	0	0	0	0	0	0	0	0	0	0	0	0	0	0	0	0	0	0	0	0	0	0	0	0	0	0	0	0	0	0	0	0	0	0	0	0	0	0	0	0	0	0	0	0	0	0	0	0	0	0	0	0	0	0	0	0	0	0	0	0	0	0	0	0	0	0	0	0	0	0	0	0	0	0	0	0	0	0	0	0	0	0	0	0	0	0	0	0	0	0	0	0	0	0	0	0	0	0	0	0	0	4	0	0	0	0	0	0	0	0	0	0	0	0	0	0	0	0	0	0	0	0	0	0	0	0	0	0	0	0	0	0	0	0	0	0	0	0	0	0	0	0	0	0	0	0	0	0	0	0	0	0	0	0	0	0	0	0	0	0	0
Chytridiomycetes	20	123	17	43	15	101	40	186	49	30	34	1	33	17	5	61	39	40	18	50	59	28	5	80	25	16	48	36	4	85	45	17	195	12	27	8	22	6	10	84	4	350	113	4	90	8	1	45	13	17	5	179	66	0	17	43	2	21	38	0	95	49	38	70	8	24	130	4	56	95	89	92	6	98	14	10	53	31	16	47	97	30	90	81	20	17	6	39	6	91	9	30	14	12	54	179	73	21	38	38	19	5	5	13	31	27	45	45	29	59	5	2	63	4	3	80	71	37	119	118	69	8	114	3	480	15	8	108	16	87	3	101	69	28	27	45	39	59	7	233	6	39	22	192	110	1	3	82	132	12	12	67	35	88	27	56	70	32	31	4	6	8	133	29	34	56	34	20	84	9	19	33	46	77	9	21	2	70	64	3	35	25	96	79	10	6	67	151	59	87	15
Monoblepharidomycetes	1	7	1	2	0	5	4	3	5	3	1	0	6	1	1	4	0	8	0	4	0	4	3	27	4	6	1	5	0	10	6	1	4	0	1	1	2	0	5	5	1	11	6	0	6	0	0	13	2	3	3	17	4	0	9	14	1	1	3	0	6	6	3	7	1	4	9	0	7	7	5	2	0	25	2	1	1	4	0	10	9	2	4	10	4	3	4	2	1	16	0	1	0	0	5	2	3	1	3	2	1	0	1	1	3	4	0	29	0	5	1	0	6	0	1	5	0	0	9	2	0	0	4	0	14	0	1	8	2	0	0	24	17	2	2	9	3	5	6	2	4	0	4	25	13	1	0	8	15	1	0	8	3	4	3	10	3	2	2	0	1	0	1	2	2	7	4	1	3	0	11	6	5	2	0	7	0	7	8	1	11	2	12	3	1	1	4	2	11	8	3
Neocallimastigomycetes	26	37	5	1	13	34	33	31	50	34	43	74	34	6	2	22	22	25	58	88	33	5	21	192	7	5	7	3	1	14	23	3	58	0	4	2	4	2	6	27	0	50	28	203	55	1	5	18	74	1	2	86	75	1	60	73	1	2	6	2	30	54	2	83	23	31	78	0	57	12	33	20	1	109	28	0	6	25	0	32	52	7	39	54	5	0	2	5	2	23	6	5	33	0	24	22	5	3	23	5	9	0	5	28	24	6	35	34	1	33	2	4	35	3	0	41	1	60	47	99	0	45	49	4	76	7	6	80	33	73	0	47	20	7	6	21	34	47	1	4	20	4	5	103	83	1	0	8	24	5	9	71	1	41	24	126	127	8	205	0	4	6	2	5	6	8	22	0	66	2	3	4	9	17	0	36	1	28	45	2	8	9	23	19	8	0	69	18	42	51	64
Blastocladiomycetes	3	30	4	16	9	17	11	19	25	7	1	1	28	3	6	18	5	11	2	21	15	5	14	14	0	8	2	9	3	43	39	6	36	7	4	2	15	1	4	21	0	73	28	0	23	1	5	47	1	4	1	31	25	0	6	16	2	8	6	1	49	13	6	14	0	2	76	0	20	38	32	15	1	22	5	2	6	6	0	23	52	6	15	18	9	4	3	7	6	23	4	12	5	8	16	14	18	6	3	9	9	8	1	7	10	3	9	11	1	12	3	1	10	1	1	27	0	13	26	8	2	4	21	1	7	5	3	24	5	15	0	28	20	7	4	37	12	9	6	4	6	1	6	53	17	4	0	14	27	4	4	19	9	21	27	23	26	9	11	0	7	1	5	8	10	21	6	4	4	1	17	6	15	13	0	5	1	32	22	2	17	10	46	17	2	6	8	32	24	29	10
Glomeromycetes	83	257	74	121	80	104	230	307	481	241	323	173	183	135	38	327	162	248	179	472	315	222	187	803	154	34	229	124	52	199	373	72	1166	25	72	33	120	51	44	222	54	606	713	1838	489	40	35	248	327	53	58	491	496	38	598	436	26	205	88	23	429	489	27	552	127	144	646	10	453	316	451	238	14	828	234	199	46	155	16	369	587	293	402	697	100	49	101	126	83	195	39	235	377	57	187	391	124	81	119	240	240	51	100	129	163	96	211	329	19	466	20	115	238	20	56	393	42	448	249	592	219	154	526	51	233	106	227	1008	126	434	27	227	282	111	182	324	127	344	52	96	83	14	50	454	652	28	7	163	371	91	58	221	66	456	126	652	756	226	2884	58	103	183	111	69	84	136	241	62	438	28	73	72	97	155	39	145	11	281	333	31	321	364	398	94	54	11	516	323	318	689	247
Endogonomycetes	0	7	1	0	0	6	0	4	0	0	0	0	1	1	1	0	0	3	0	6	1	0	0	1	0	0	0	4	0	3	0	1	9	0	0	0	0	0	0	2	0	1	3	18	0	1	0	0	1	1	0	4	2	1	0	0	0	0	1	0	5	0	0	4	0	1	3	0	2	6	3	3	0	3	0	0	0	1	0	2	1	0	4	3	0	0	0	0	0	4	0	2	0	0	2	2	6	0	1	1	0	0	0	1	1	0	1	0	0	2	0	1	1	0	0	3	0	2	3	5	1	0	3	0	0	0	0	2	2	5	0	1	4	0	0	3	3	0	1	0	0	0	1	2	1	0	0	1	2	0	0	5	0	0	0	2	1	2	2	0	0	1	2	1	0	1	3	0	0	0	0	1	1	2	0	0	0	4	1	0	0	0	0	0	0	1	0	1	2	2	0
Mucoromycetes	86	259	72	98	58	214	159	138	402	291	135	66	125	73	90	197	127	271	83	216	1368	133	111	458	77	47	183	42	55	143	310	59	677	31	180	11	29	22	23	134	87	348	353	649	289	22	18	179	209	27	105	292	276	1	344	153	8	297	84	5	285	340	26	363	35	52	300	6	153	183	203	158	29	493	131	88	30	97	36	277	355	401	235	512	95	49	25	218	62	179	78	483	133	36	83	356	169	29	83	474	185	16	84	36	104	42	104	163	11	144	29	98	184	5	91	260	105	225	275	504	460	100	287	14	106	68	133	475	77	129	21	177	433	75	139	288	108	225	28	262	25	24	91	476	390	130	57	132	242	118	55	156	53	162	89	284	524	240	647	55	42	328	76	30	96	155	195	126	329	17	73	59	126	191	13	96	9	256	189	20	162	257	317	226	59	11	667	151	212	487	273
Mortierellomycetes	6	16	3	10	6	16	11	30	36	5	4	1	10	3	0	14	12	8	5	11	25	15	25	17	0	9	11	7	0	21	24	14	54	4	3	6	7	1	1	16	0	46	34	1	17	2	1	18	3	5	5	32	21	0	11	7	1	10	2	1	29	8	2	5	1	4	50	1	12	38	10	22	1	37	22	2	2	6	1	13	19	14	26	21	9	4	1	7	1	19	7	9	10	3	5	43	5	8	1	9	9	4	1	12	15	7	24	4	2	19	0	8	10	1	1	14	2	27	39	15	114	3	14	1	1	1	6	17	1	10	1	20	28	1	7	16	5	12	5	4	3	4	3	49	34	1	0	8	15	15	7	8	2	14	13	17	20	23	30	15	0	3	3	4	8	16	6	4	10	1	1	4	5	5	0	7	0	18	12	0	6	4	39	16	0	0	4	11	8	42	5
Zoopagomycetes	16	62	4	46	7	22	20	26	33	17	22	0	14	22	5	39	13	22	13	25	47	22	20	45	10	17	39	12	3	23	37	13	35	7	4	1	10	1	1	45	0	45	90	4	76	2	2	20	24	9	6	80	32	0	40	16	0	9	22	2	31	20	2	28	3	1	44	0	39	33	15	10	2	70	21	7	15	10	0	30	101	6	28	27	20	0	3	30	3	35	13	12	18	13	17	42	26	6	6	21	5	3	1	7	10	6	3	8	0	13	0	0	10	1	12	22	1	18	127	38	7	7	26	5	3	9	5	62	13	22	0	52	34	12	5	18	19	12	12	10	2	0	11	163	58	2	1	38	60	6	5	17	18	29	6	24	63	12	43	3	2	0	9	8	23	39	19	10	18	4	6	11	30	16	2	3	0	43	27	1	15	28	89	38	0	1	21	25	31	17	22
Kickxellomycetes	2	8	2	1	5	2	21	6	0	1	3	0	1	1	1	2	1	4	0	1	1	1	1	7	2	2	2	2	0	9	7	2	11	0	14	0	0	3	0	5	0	1	7	0	8	0	0	3	2	1	0	10	1	0	0	11	0	0	7	1	4	4	0	4	0	0	5	0	0	6	4	0	0	9	19	1	4	22	0	26	9	1	6	6	1	2	3	3	4	4	2	3	2	2	4	4	5	9	1	2	0	0	1	1	1	0	0	7	0	3	0	0	2	0	0	6	0	3	12	2	4	0	7	1	3	1	0	3	0	2	0	3	6	0	5	12	2	1	0	1	0	0	0	11	6	0	0	5	11	0	0	10	1	1	2	6	4	1	5	0	1	0	1	1	5	7	4	3	1	0	3	3	10	4	0	3	0	4	8	0	2	13	13	4	3	2	36	10	5	15	10
Dimargaritomycetes	0	3	1	1	5	2	6	7	6	2	0	0	4	3	2	0	0	1	1	7	5	3	1	5	0	1	2	0	0	7	0	0	21	0	0	0	0	1	1	2	0	7	18	26	2	0	0	20	4	7	0	6	0	0	4	1	0	0	1	0	0	2	0	2	0	0	7	0	4	4	1	3	3	2	4	3	2	3	0	4	6	2	4	7	2	0	1	1	1	7	0	1	2	2	1	5	2	0	3	2	1	0	1	2	4	3	1	2	1	2	1	1	0	0	0	4	7	2	1	5	1	1	5	1	1	1	3	2	1	0	0	5	3	5	0	3	0	3	0	0	1	0	0	6	4	0	0	3	5	4	0	6	1	8	1	9	7	4	4	0	0	1	1	9	2	5	1	1	9	0	0	1	1	22	0	2	0	9	4	1	2	0	3	19	0	0	3	0	30	8	1
Harpellomycetes	27	62	34	31	11	38	46	78	117	43	72	4	43	19	20	57	103	134	65	67	70	41	30	219	23	13	22	69	4	102	58	28	310	6	7	4	21	11	6	38	16	115	178	391	63	8	6	67	115	15	7	64	75	3	64	76	2	64	30	3	103	137	16	135	17	40	133	0	69	67	115	35	2	216	74	74	19	31	21	110	164	61	72	156	20	17	14	29	13	68	9	48	98	13	53	76	25	13	36	38	39	13	11	25	43	12	30	46	2	100	2	24	68	3	11	71	20	81	59	99	97	19	142	9	38	28	26	207	34	69	4	143	69	16	47	55	41	71	15	36	8	9	16	91	143	0	3	39	54	24	11	82	14	52	19	123	74	55	565	4	15	24	27	21	31	50	66	25	62	14	21	29	26	27	3	33	5	47	59	14	72	92	89	27	6	6	103	152	104	152	83
Entomophthoromycetes	22	59	25	17	21	26	48	50	57	42	42	1	29	20	19	50	27	69	56	40	52	47	22	187	34	10	32	31	4	34	68	13	136	25	5	5	12	6	8	39	28	136	96	83	26	10	1	140	26	7	8	179	97	1	55	77	7	8	32	6	44	36	1	70	8	25	119	2	40	54	85	28	4	150	24	50	2	23	8	71	85	18	59	164	7	8	32	21	6	46	9	23	50	18	40	78	17	19	25	29	47	2	13	16	38	15	11	34	3	63	5	11	49	4	12	46	5	56	47	56	14	23	92	11	22	15	21	143	19	34	15	98	36	20	41	39	36	49	10	31	21	4	14	116	46	3	2	21	53	22	12	54	11	84	30	96	109	28	330	8	7	2	32	22	15	32	54	31	39	12	35	26	27	39	3	27	2	46	43	5	122	20	44	19	9	3	45	65	66	212	58
Schizosaccharomycetes	2	3	6	1	0	2	2	9	4	1	3	0	6	0	0	5	2	1	16	14	12	4	4	21	1	3	1	3	1	5	8	4	7	1	3	0	1	1	3	6	0	9	9	5	4	0	0	5	0	1	1	6	6	0	2	0	2	1	2	0	5	11	2	7	3	3	18	0	3	1	2	2	1	18	7	3	0	1	1	4	8	3	7	5	8	0	0	2	1	19	0	5	5	0	3	9	2	2	1	1	1	2	1	2	5	1	3	15	0	10	10	0	3	1	0	11	0	4	3	6	2	1	2	0	1	2	1	14	0	7	2	2	4	3	6	6	5	4	1	1	1	0	1	4	8	0	0	3	7	4	0	7	4	2	0	10	7	7	34	1	1	1	2	2	2	3	5	1	6	0	3	2	3	1	1	0	0	6	8	4	6	4	10	10	0	2	6	2	5	22	2
Taphrinomycetes	0	25	2	9	12	5	19	14	7	18	7	0	4	3	3	6	9	20	5	16	17	14	3	30	0	3	10	4	7	10	16	4	43	2	3	6	5	2	3	9	0	18	29	1	12	1	0	39	4	13	2	74	14	0	2	1	2	2	22	2	19	45	7	38	6	2	25	1	19	37	12	49	2	25	10	3	0	5	2	10	34	9	3	13	6	3	5	24	2	23	1	8	7	9	9	18	11	2	8	6	4	6	0	1	8	7	6	1	1	13	1	2	4	5	1	10	1	10	43	26	1	3	26	2	2	6	10	9	1	8	2	52	14	4	2	12	14	14	5	5	0	27	6	64	23	0	2	6	20	4	2	10	11	10	9	6	29	8	16	5	4	0	16	12	9	22	7	4	11	0	3	4	13	12	1	12	0	14	29	0	12	7	18	11	0	1	8	15	62	18	4
Neolectomycetes	2	2	0	1	0	1	0	2	0	0	2	0	4	0	3	3	0	0	0	3	1	3	0	62	0	0	0	0	0	0	0	1	1	0	0	0	0	3	0	0	0	1	11	0	0	1	0	0	1	0	0	0	0	0	2	0	0	0	1	0	0	1	0	0	2	0	1	0	2	0	0	1	0	4	0	0	1	0	0	1	2	0	1	0	0	0	0	3	0	0	1	0	1	0	2	0	2	4	1	0	0	1	0	2	0	0	0	0	0	0	0	2	0	0	1	2	0	1	0	0	1	5	1	0	0	2	1	0	0	3	0	2	0	0	0	1	0	0	1	0	0	0	2	0	0	0	0	2	6	0	0	1	0	0	0	2	3	1	0	0	0	0	0	0	1	3	0	0	0	0	1	1	0	0	0	0	0	0	1	0	0	5	1	0	0	0	35	4	1	2	1
Saccharomycetes	485	1391	272	548	291	926	1036	985	1094	688	926	263	892	215	167	2076	1874	1120	1017	1021	2214	995	592	2412	681	481	1266	897	319	1342	1519	534	3951	302	323	113	741	346	150	1143	458	1755	3400	2956	1357	154	135	1372	949	208	377	1848	1155	222	1499	1052	120	637	608	80	1709	1142	194	2300	200	398	1918	73	1792	1181	1626	749	64	2468	643	809	329	449	104	1329	2386	2153	1099	2206	658	199	263	696	271	1513	281	2005	1166	282	568	2567	1022	226	406	1028	966	131	389	312	553	404	863	857	79	1321	134	367	886	112	178	1159	406	1572	2128	18121	621	429	1407	191	970	232	454	2996	550	1677	138	1751	1112	414	679	1390	1007	1252	299	446	399	181	266	3732	2970	114	1113	912	2107	513	186	1009	319	1578	686	1823	3724	763	4990	148	183	974	473	322	495	709	905	387	1360	171	262	371	835	668	71	708	46	1460	1680	183	1237	1760	1736	811	199	88	6605	1125	1237	1989	1047
Pezizomycetes	34	134	24	63	38	73	225	176	89	72	73	6	106	56	20	99	57	135	104	81	116	84	20	215	44	47	28	141	15	206	99	39	245	34	31	13	44	17	23	80	6	184	221	86	203	10	12	119	82	26	38	179	155	0	70	94	6	45	65	13	121	140	52	209	5	43	251	5	112	176	149	80	29	249	54	26	18	41	5	125	336	59	131	211	20	28	16	61	17	107	34	66	130	85	69	307	109	31	47	66	195	19	58	34	90	53	139	58	6	93	12	16	78	9	17	110	34	83	158	214	20	28	138	23	44	23	35	246	35	115	10	219	124	66	53	97	57	93	44	33	90	17	60	320	176	13	53	112	197	39	19	137	39	190	50	143	190	72	293	31	32	27	61	30	68	90	92	39	94	6	45	46	45	68	8	42	6	166	105	12	220	76	206	102	38	7	114	225	130	192	88
Orbiliomycetes	25	64	6	32	16	38	61	58	41	53	26	0	17	18	4	25	33	25	25	58	57	21	15	95	22	6	20	21	4	65	45	8	112	4	8	4	9	5	5	34	4	112	129	134	59	7	28	44	29	2	8	62	56	0	50	63	4	22	20	2	90	127	15	60	19	22	88	4	75	47	94	60	2	108	27	2	7	23	5	58	114	34	63	74	11	4	8	24	6	50	28	24	34	9	28	53	23	8	14	43	22	8	7	14	19	18	38	24	2	61	7	4	30	1	6	56	7	35	60	42	15	15	68	5	47	16	16	108	11	57	18	42	70	13	12	49	15	21	18	33	12	3	12	144	93	2	1	31	118	22	18	53	29	57	15	63	67	41	196	2	16	4	12	9	22	23	125	8	57	5	15	24	25	42	10	28	2	98	60	7	31	33	68	19	3	1	32	40	50	73	76
Eurotiomycetes	246	1055	341	486	313	501	780	1095	788	690	470	64	857	227	257	694	343	758	537	670	930	566	342	1473	295	255	386	936	87	965	1039	247	2054	266	188	147	245	473	164	630	107	1407	1840	862	808	116	124	1820	393	237	213	2084	896	45	882	681	175	283	433	99	889	1154	220	1246	135	335	1716	79	939	997	1079	525	105	1546	453	528	221	420	81	1008	1790	602	873	1579	316	190	277	550	265	972	228	536	802	374	541	1205	497	228	336	532	747	171	186	248	522	290	509	612	61	889	85	102	457	138	140	988	255	697	1227	1117	324	347	1114	280	514	235	375	1326	300	857	183	1427	807	464	404	690	625	712	187	295	343	105	365	3004	1256	65	81	597	1196	458	184	716	459	822	378	956	1089	563	1761	105	226	435	501	365	341	607	893	318	610	165	268	342	511	601	130	542	50	1069	741	152	754	883	1147	495	156	83	775	906	1276	1640	404
Lecanoromycetes	24	84	15	36	24	45	57	62	68	42	29	2	35	16	1	31	32	51	51	65	65	32	25	176	13	14	17	44	8	59	69	21	174	5	12	18	18	10	11	53	2	86	77	103	57	15	6	83	28	18	7	188	83	0	42	46	6	45	38	3	92	98	18	94	22	32	93	2	66	58	82	33	14	102	29	26	11	33	2	33	126	91	42	137	39	16	12	30	6	86	22	80	44	21	40	89	33	26	20	46	29	11	11	23	27	30	19	36	9	62	5	4	34	21	17	51	10	57	54	119	12	9	79	8	37	12	22	93	20	98	6	111	36	26	25	84	33	46	4	21	32	5	25	191	67	30	3	34	57	16	13	64	38	62	38	101	85	33	202	3	13	3	37	18	36	31	39	21	43	5	18	39	30	41	5	22	1	74	48	26	74	126	86	65	6	3	139	66	68	78	24
Geoglossomycetes	316	1903	269	517	464	619	1121	1004	816	736	449	40	456	405	405	603	376	752	495	856	1059	533	322	1769	205	435	552	870	125	1623	1020	256	2772	252	324	205	311	217	214	781	102	2163	1669	550	989	175	181	1734	363	354	187	2135	1521	14	704	676	186	245	703	114	1302	1355	338	1790	225	535	2512	114	1013	1552	1306	739	111	2473	756	510	378	459	104	962	2112	894	715	1507	194	130	236	667	258	1369	249	788	548	403	885	1393	733	380	466	588	582	311	191	470	717	517	470	1075	102	891	220	154	723	176	268	765	213	732	1001	1055	182	336	1559	170	616	321	343	1315	345	1261	128	1771	865	499	429	1016	592	909	352	224	198	118	650	3659	1177	74	60	868	1914	278	252	992	655	840	605	866	1295	641	1219	104	312	195	525	354	416	842	1003	351	546	96	514	528	644	733	124	399	25	1856	1153	97	913	915	1352	594	158	91	789	1522	1549	1633	503
Xylonomycetes	1	11	2	4	0	2	5	4	3	2	4	0	6	3	1	0	51	3	17	6	9	1	1	9	2	2	1	2	0	5	8	0	12	2	0	1	2	2	0	5	0	12	8	6	6	0	0	14	10	2	0	10	2	0	6	2	0	17	3	1	6	8	2	10	1	1	12	1	7	13	10	0	1	6	2	4	0	1	0	5	21	8	6	14	8	0	0	0	0	11	0	5	2	7	5	4	9	0	1	6	18	0	1	0	2	1	1	1	1	10	0	0	2	0	2	7	1	4	7	5	0	2	8	0	3	2	1	6	1	3	0	5	8	2	0	5	4	0	1	1	1	0	1	36	14	0	0	8	9	1	0	1	2	2	5	3	4	2	32	0	5	3	0	3	2	6	5	4	1	9	9	1	2	7	2	0	0	5	8	0	10	0	2	6	0	0	40	3	4	8	23
Arthoniomycetes	0	11	0	0	0	1	30	4	6	2	2	0	1	0	1	2	1	1	1	1	2	0	0	2	1	0	2	2	0	5	7	0	7	2	0	0	1	0	0	0	0	16	1	0	5	0	0	8	2	1	3	6	22	1	1	3	1	2	4	0	4	1	1	13	0	0	22	0	3	7	7	1	5	4	0	0	0	1	0	2	2	7	7	8	1	0	4	0	0	6	2	4	1	1	3	8	2	2	0	1	0	0	2	1	3	3	3	0	0	2	0	0	3	0	0	4	2	1	4	16	11	0	12	0	0	1	2	1	2	0	0	3	3	0	3	3	2	3	0	0	0	3	2	8	3	0	1	0	7	0	1	1	3	8	0	3	5	8	0	1	0	0	1	3	4	3	2	1	2	0	9	3	2	2	1	0	0	6	4	1	1	0	3	0	0	0	8	25	4	5	2
Dothideomycetes	411	1673	300	578	478	635	1034	1148	975	664	557	36	536	324	265	810	529	2321	1985	3093	1032	522	406	2099	1018	277	400	831	91	1365	1165	282	2453	194	258	125	366	235	194	884	112	1716	1816	529	1004	125	104	1846	463	277	235	2138	1169	40	3060	792	119	399	591	109	1345	1467	302	1362	247	383	2206	69	983	1388	1358	739	148	2108	543	384	227	493	134	960	2093	684	737	1850	322	134	249	775	139	1251	244	682	607	293	753	1501	695	265	454	555	946	193	223	288	653	378	429	697	65	1152	106	280	573	142	215	726	305	766	1458	1624	295	1581	1490	183	579	318	325	1862	375	1143	163	2157	1138	366	559	971	683	1657	246	269	343	139	421	4068	1446	96	78	707	1773	288	200	987	510	890	517	1037	1791	556	2371	417	198	290	421	265	555	845	792	373	611	156	458	663	616	710	108	704	45	1394	1176	263	912	1095	1876	566	228	128	925	1714	1504	1526	2105
Leotiomycetes	145	775	184	202	123	329	555	399	911	370	757	14	232	161	117	376	985	728	429	327	659	322	169	961	246	100	141	284	597	473	781	151	1413	64	121	51	176	97	68	546	111	791	1472	1766	561	66	51	617	287	70	113	953	730	28	859	359	42	267	205	34	804	625	125	700	120	145	875	25	484	496	587	375	43	1086	294	379	76	227	44	655	984	348	347	1003	367	108	136	494	124	500	111	326	420	103	296	630	272	126	146	531	388	66	110	125	338	148	344	380	47	577	37	84	302	40	165	388	52	456	685	881	733	378	749	73	317	120	296	1158	140	491	57	700	452	189	217	370	266	510	77	372	218	55	153	1325	804	9	28	260	782	164	456	400	152	606	238	595	815	382	1958	80	136	191	178	194	189	481	412	251	373	74	155	299	338	382	46	257	16	553	477	79	511	689	892	425	206	36	618	479	559	877	494
Sordariomycetes	1255	8575	1449	2871	1976	3730	6004	5253	5240	3676	2683	297	2366	2077	1891	3468	2244	4599	2796	4245	5703	2636	1441	8568	1461	1540	1921	4981	568	8366	5870	1440	14091	1179	1404	782	1523	1047	1012	4611	499	11048	8867	5668	5578	750	576	9504	2559	1438	919	11298	6830	216	4099	3931	700	1724	3340	546	6161	7619	2100	7947	1124	2410	14333	304	5738	8311	7165	3859	507	12873	3141	2447	1899	2483	282	5159	11084	4209	4030	8736	1757	632	1310	3642	961	6774	1105	4000	2992	1956	4188	7948	3874	1681	2237	3368	3156	1249	874	1882	3487	2321	2612	3065	340	4689	363	1171	3459	678	1120	4139	1332	3724	6556	6483	2291	1860	8059	758	2766	1480	1996	8489	1879	6449	861	10352	5370	2151	1943	5398	3248	4549	1494	1465	1602	641	2593	19347	6853	372	429	3876	9516	1457	1415	5129	2792	4850	2841	5281	8372	3363	9291	536	1356	917	2202	1463	2659	4368	4930	1964	3020	571	2428	2736	3185	3833	597	2013	278	8602	5495	742	4626	4040	6967	3191	1130	519	5559	8515	8144	8671	2882
Laboulbeniomycetes	2	2	1	1	1	7	1	0	2	1	2	0	1	0	2	1	0	0	0	0	0	2	0	2	2	0	0	1	0	1	0	0	0	0	0	0	0	1	0	1	0	3	4	0	0	0	0	2	0	0	2	2	2	0	1	5	0	0	0	0	0	0	0	6	1	1	0	0	2	2	1	0	0	2	0	1	0	2	0	1	2	1	0	2	0	0	9	1	0	0	0	6	1	0	1	0	1	0	0	4	1	0	0	0	2	0	0	0	0	7	0	1	1	3	0	1	0	2	1	3	0	9	0	0	2	1	0	15	0	1	0	1	3	0	2	6	0	14	0	0	0	1	0	2	4	0	0	3	1	1	0	1	0	2	3	0	2	0	4	0	1	0	0	0	1	3	2	2	3	0	0	0	0	16	0	0	0	0	0	4	1	3	1	0	0	0	1	0	3	2	0
Tremellomycetes	80	539	100	219	121	210	392	481	380	244	149	10	181	118	193	422	158	262	134	350	445	152	69	748	91	93	109	363	28	999	332	75	831	87	88	31	89	153	48	319	8	988	585	80	396	37	96	729	116	82	43	1196	343	10	155	168	49	108	173	22	497	484	244	881	61	114	1248	30	429	984	581	245	43	1041	169	230	79	134	17	335	1549	456	353	521	164	41	56	250	47	498	73	323	133	114	189	1020	271	98	157	207	118	59	44	118	168	144	160	165	26	219	8	29	157	34	59	328	71	199	494	424	145	94	461	55	149	89	100	464	144	598	24	1377	500	252	130	358	194	268	94	130	81	15	173	2766	449	65	21	330	665	116	85	397	192	329	163	356	491	232	683	29	64	43	136	209	298	336	451	106	171	12	176	180	279	296	23	124	7	977	350	62	285	272	529	241	39	34	366	883	697	728	139
Agaricomycetes	447	1825	386	805	536	1201	1242	1212	1514	820	785	300	640	410	370	944	690	1354	919	1000	1516	747	413	2313	534	418	463	1127	111	1737	1300	435	3009	343	444	166	478	407	235	969	272	2308	2290	613	1387	167	263	2095	638	328	469	2772	1477	26	1241	815	191	448	758	121	1218	1512	426	1854	271	574	2913	90	1323	1761	2015	915	101	2896	758	484	430	597	161	1299	2714	1148	987	2336	481	252	403	848	267	1461	391	1058	952	417	901	1883	921	418	558	926	951	254	597	385	726	520	678	948	90	1188	117	157	835	171	302	1007	494	1070	1732	1497	683	508	1763	202	578	428	423	1880	425	1369	331	2201	1372	486	633	1134	715	1168	414	407	471	159	484	4497	1648	123	103	1020	2218	387	329	1105	651	1279	659	1174	1807	867	1978	352	346	283	565	538	639	1008	1100	521	723	306	512	643	798	894	184	542	72	1882	1309	201	1274	1244	1845	877	221	110	1132	1905	1628	2175	771
Dacrymycetes	3	20	4	7	8	13	25	9	30	20	6	1	9	1	13	2	4	28	2	12	19	11	1	18	2	2	4	11	3	22	14	6	27	12	13	0	4	4	1	29	0	63	22	1	19	0	3	35	3	7	20	77	5	0	14	2	1	3	3	1	11	25	31	67	10	6	69	0	28	34	27	15	4	44	6	7	9	7	13	15	21	10	12	27	11	1	9	15	3	22	4	9	6	2	12	26	16	5	5	10	12	4	40	1	6	6	7	8	0	17	0	0	2	1	4	8	31	4	23	6	2	3	24	0	11	3	4	24	2	32	0	15	17	15	5	25	18	13	4	4	1	1	6	44	14	1	0	16	45	1	3	24	17	3	6	13	24	5	12	1	5	2	7	2	10	9	15	15	25	3	1	18	4	18	1	9	0	47	16	1	5	108	23	12	3	0	18	26	41	108	8
Agaricostilbomycetes	14	3	0	1	1	1	7	21	6	1	0	0	3	1	0	24	0	42	14	3	4	0	4	5	0	2	5	0	0	7	34	15	52	0	1	0	2	0	2	1	16	21	62	0	16	0	0	10	12	0	0	10	12	0	16	2	0	18	10	14	0	3	3	3	39	1	92	0	3	6	2	2	0	3	5	83	1	7	0	30	22	49	9	4	0	0	2	2	0	27	0	41	1	0	1	142	6	2	1	21	40	0	0	1	4	1	26	4	0	14	1	1	29	1	1	9	2	9	22	13	1	5	18	0	1	0	20	8	0	3	0	2	2	0	62	4	3	4	2	0	1	0	1	15	9	0	0	8	3	1	0	5	2	4	2	19	120	29	3	0	0	0	0	1	2	12	7	0	1	0	2	2	0	2	2	0	0	6	16	4	5	43	17	9	0	0	42	4	11	11	1
Microbotryomycetes	41	263	23	88	72	92	123	113	111	69	25	1	90	20	26	65	29	95	86	56	112	32	24	95	50	35	31	66	4	129	102	29	202	32	23	5	43	19	24	106	4	311	162	34	139	10	2	207	22	30	22	308	127	1	67	108	9	28	58	7	105	135	30	106	10	42	162	4	118	163	148	52	12	246	55	16	36	45	8	81	169	104	50	115	48	20	15	77	8	135	26	92	57	31	103	90	89	24	47	41	18	26	31	32	59	40	31	52	5	65	3	8	61	7	17	46	11	82	204	80	41	46	130	12	40	32	14	152	25	90	6	280	163	38	48	95	74	96	23	34	22	14	49	421	130	5	3	103	137	26	27	110	41	89	58	114	172	35	57	2	43	54	35	23	83	97	112	38	29	24	21	56	72	79	3	40	1	182	121	7	97	115	170	88	5	9	59	109	134	122	35
Pucciniomycetes	83	280	204	147	80	228	306	573	1002	392	3338	48	321	126	44	408	11573	390	974	388	515	288	188	750	130	110	207	160	6750	261	506	168	2370	61	134	54	425	63	50	1200	105	594	2885	5686	585	85	99	428	512	48	107	523	422	64	508	337	122	216	191	33	1583	516	45	883	78	162	878	40	421	333	459	273	18	1121	209	621	82	219	149	410	715	303	586	855	2433	146	85	2002	388	224	228	293	430	106	278	717	174	114	144	541	297	68	114	122	296	213	321	383	25	500	29	114	300	38	113	618	101	420	509	1331	3480	1362	540	83	260	95	230	1026	102	343	91	403	358	119	245	336	787	458	56	392	543	45	96	674	1043	34	51	253	1115	125	3576	299	76	1021	152	583	891	250	1902	62	74	51	151	426	157	215	828	351	391	20	106	143	303	233	26	161	28	410	525	63	267	428	466	394	808	29	554	497	371	797	398
Cystobasidiomycetes	4	30	2	5	3	23	30	30	21	16	15	0	14	4	7	13	11	9	9	15	19	27	6	26	10	11	46	11	0	29	13	9	35	4	4	1	4	4	6	16	1	20	53	1	20	1	0	19	11	8	1	25	59	0	9	12	4	4	18	3	10	17	2	42	4	4	33	0	23	26	23	12	3	43	8	12	8	13	2	30	39	10	15	49	4	2	4	14	2	20	4	7	11	9	7	36	35	3	8	25	12	4	1	8	10	6	1	3	1	16	1	0	11	4	7	14	3	19	23	128	1	71	19	5	9	7	4	37	6	14	2	14	29	16	7	19	17	8	3	4	2	1	8	65	38	1	2	11	20	9	3	24	11	12	20	21	26	10	23	0	9	1	9	5	18	23	13	9	5	7	11	14	11	22	7	6	1	30	13	3	19	69	27	14	7	5	64	30	22	41	14
Mixiomycetes	0	2	0	1	1	2	3	0	1	2	0	0	1	0	0	0	0	0	0	3	1	3	1	1	0	0	1	0	0	5	1	1	3	0	0	0	3	0	0	1	0	0	4	0	2	0	0	3	0	1	0	2	5	0	1	0	0	1	2	0	2	7	3	7	0	0	4	0	4	4	3	2	0	0	0	0	0	5	0	5	5	0	1	4	0	0	0	2	0	4	0	1	1	0	1	4	1	2	0	3	0	1	0	0	0	1	2	2	0	0	0	0	2	0	0	0	0	3	1	1	0	2	1	0	0	0	0	4	0	2	0	3	0	0	0	1	0	3	0	0	0	1	1	12	1	0	0	3	3	0	0	2	1	2	3	0	1	1	2	0	0	0	0	0	0	1	7	0	0	0	0	2	0	0	0	0	0	1	2	0	1	0	3	0	0	0	14	2	0	0	1
Ustilaginomycetes	9	247	17	51	17	74	59	173	64	39	34	5	52	31	67	45	23	67	48	72	108	45	21	145	29	19	29	66	5	111	203	30	212	20	11	8	38	13	8	81	3	207	130	90	145	4	8	214	25	37	13	201	99	0	49	50	8	22	49	3	75	113	76	157	1	34	218	4	148	167	149	80	6	196	76	134	17	30	9	53	448	34	102	104	22	11	4	54	12	118	17	43	48	39	67	254	93	17	21	46	67	20	8	27	59	30	37	41	5	58	0	1	47	5	13	73	8	58	265	110	18	42	101	10	25	28	25	81	20	61	5	147	88	41	26	78	41	74	20	41	26	19	47	276	268	5	3	92	154	20	23	73	41	68	35	77	130	55	64	9	23	9	36	23	35	86	64	29	33	5	29	58	63	70	2	28	5	137	76	38	86	38	144	71	14	6	56	106	170	103	43
Exobasidiomycetes	23	85	25	50	32	36	35	60	80	41	32	1	51	17	9	56	57	72	59	59	71	70	11	98	17	32	26	42	8	87	90	32	161	24	37	6	25	7	10	72	15	83	104	10	118	23	6	92	21	12	10	164	62	1	70	47	5	33	29	1	92	66	16	73	20	21	153	3	82	85	58	28	3	114	47	9	10	49	1	105	116	56	46	87	19	7	8	44	6	87	24	64	47	17	50	105	47	13	21	26	33	15	2	14	55	22	69	32	1	51	6	1	21	9	14	43	6	71	122	42	40	26	86	16	54	18	29	119	11	58	4	106	74	20	22	76	31	52	19	16	23	3	21	286	103	3	1	35	123	24	19	79	16	75	34	61	93	42	44	3	13	3	16	77	37	62	41	19	19	1	19	27	35	53	4	18	1	90	60	14	58	137	120	43	6	5	113	57	69	106	65
Malasseziomycetes	13	166	11	95	15	56	69	141	105	73	18	67	53	11	36	46	60	26	8	110	158	25	28	105	7	48	27	54	5	57	64	27	123	17	20	13	34	11	9	108	0	146	174	4	151	4	1	69	12	26	16	246	82	0	53	37	2	37	38	3	86	49	45	55	0	22	166	1	123	168	76	47	3	148	36	14	12	24	0	39	131	47	66	79	39	8	8	55	17	106	23	70	23	24	49	129	78	9	24	22	8	13	4	22	46	28	10	49	6	61	8	5	38	10	11	76	5	32	299	48	12	36	72	4	40	19	8	176	19	64	1	209	486	20	23	76	33	24	32	52	14	3	39	434	157	6	4	126	152	10	13	89	39	37	61	53	102	40	27	0	16	144	14	23	61	65	66	20	29	2	28	36	77	71	3	9	0	161	69	7	159	42	150	73	6	11	37	80	113	102	25
Wallemiomycetes	0	7	0	6	5	6	4	5	2	1	0	0	3	0	0	3	1	6	1	5	0	1	1	0	2	0	1	0	0	0	3	0	7	0	1	0	0	0	0	3	0	6	10	0	1	0	0	0	1	1	0	7	1	0	0	1	0	0	2	1	3	1	0	1	0	0	2	1	26	7	1	5	0	5	0	2	0	1	0	5	2	0	5	5	1	0	0	2	0	2	1	0	6	0	0	7	5	1	0	2	0	0	0	1	1	1	7	1	1	0	1	1	1	0	0	3	0	1	13	2	1	8	1	0	1	1	2	6	0	4	1	5	2	0	1	0	0	0	4	25	0	1	0	40	27	0	0	9	7	0	0	6	2	2	1	4	4	1	1	0	0	0	0	1	1	7	1	0	2	0	0	0	4	3	0	2	0	2	0	1	1	3	2	0	13	0	1	0	5	1	1
Geminibasidiomycetes	0	15	1	18	3	8	9	13	12	1	1	0	5	2	1	3	2	6	0	4	6	0	1	6	0	2	5	7	0	16	3	4	13	3	0	2	2	0	1	9	0	24	11	10	37	0	0	14	3	4	0	17	6	0	2	1	0	2	8	1	16	9	2	12	8	4	24	1	8	22	4	7	0	11	1	0	1	2	0	8	21	4	14	4	2	0	13	10	0	4	4	7	2	2	3	8	7	2	2	5	2	2	0	3	6	8	1	2	0	0	0	0	5	0	1	9	2	5	26	12	0	3	4	0	1	1	7	8	2	9	1	41	12	5	5	4	3	3	5	2	3	0	4	34	8	0	2	16	26	0	0	8	4	10	4	8	15	2	2	0	0	0	0	4	6	7	5	8	3	0	9	2	3	8	0	2	0	14	5	2	6	4	13	5	0	0	3	12	9	15	4
Gammaproteobacteria	70966	37856	311947	45019	9253	196302	708963	303260	69204	103519	86525	124802	162962	199579	38815	94730	788093	520435	492629	57253	89444	510992	56083	1077661	58584	109376	270395	45848	53862	461943	295087	44900	889692	91330	48398	118092	28089	18278	281778	43886	177259	121319	748967	10819	456630	32873	36977	137916	63211	10824	66453	51726	407030	43196	748113	63404	5758	124313	229486	203449	79454	46360	26244	118220	54877	63263	294209	34329	685989	176219	35497	1834914	6688	127247	1665814	331236	262771	111172	57759	798552	82966	207460	773756	2432506	11006	48134	42718	94018	72983	1433239	482923	211036	951977	15369	15969	1311203	446302	25783	83892	708541	843366	19072	71721	393700	398466	36037	199949	566504	6927	409373	1349784	4465822	122346	31437	17738	942524	1319113	770362	494329	571087	119437	180864	276804	13509	30178	13576	163270	80529	282254	444130	99901	153394	33298	88830	128346	1665010	46190	268035	206515	95956	348593	93096	57276	68798	1230467	65693	728916	38024	31183	347117	800186	1102993	508001	659954	15574	80051	791052	83600	3381217	62793	370199	101534	207542	256954	28751	1423216	861433	200633	135129	22390	13935	298416	26378	34547	744737	35590	7628	302742	294812	40669	696196	1737465	138876	179261	1081805	44694	93138	62275	690882	1092024	1372535
Alphaproteobacteria	2699	16348	3019	4212	3620	5530	11827	16652	11178	12299	24167	954	5118	12966	3589	6308	4795	11154	8452	12087	10519	8410	5153	19103	3079	18850	58242	10524	1951	16655	15102	3578	37092	2403	2039	3540	3684	4100	2051	11320	3034	24641	14147	3924	7101	2272	671	18797	4756	2240	7800	17434	13295	385	28855	10999	73985	5819	6585	1821	12887	13951	4963	14839	3229	4178	28641	738	11925	17940	12420	8786	2533	41152	27706	6293	4449	5913	2383	9710	19456	8415	13070	20925	133656	2782	3485	5587	138737	47378	1829	7754	8591	3635	6364	14314	8587	3397	4119	7683	5436	12115	3380	3432	16244	4591	4514	8649	673	9900	2338	5196	9592	25413	2260	12089	25220	8580	12811	14523	5434	7500	16704	10847	94264	7120	5981	18981	4540	12621	2649	20472	8430	4901	3980	11055	5067	10955	6264	5485	10811	1583	5992	35657	55943	2057	1659	24882	18326	13541	17456	9253	5289	18615	10685	17845	15647	7168	7538	3099	8979	1421	4454	2841	4703	9066	31112	7089	6408	1542	4474	5211	9180	7243	1350	3880	459	17791	9829	1453	11128	21663	11119	4598	2698	1113	11294	16550	14609	35744	7842
Betaproteobacteria	1151	53881	12387	11480	6008	30094	41206	73205	27483	29230	43961	6473	5559	32159	13653	50395	36282	68801	63545	59784	61020	115745	4240	19617	11248	12965	41806	11314	14866	36929	83939	16146	40301	22622	8865	31891	8326	7068	17381	76542	17746	48253	55700	2655	60101	20934	47589	28848	15991	13788	15212	35707	42195	174	54134	48469	1038	8786	10883	832	41596	37615	7672	25496	61463	32613	59260	28796	43513	21602	15466	34538	6961	57895	34818	64615	34820	11464	24319	58623	14713	58633	57122	43580	38712	17168	25977	6124	79207	26325	18584	51901	102535	5372	12487	90496	100469	6218	20495	55491	41785	12272	49267	6057	19669	4945	57889	92244	28761	51772	19263	113917	33841	20500	14898	74449	54090	20379	89769	22009	37829	19164	17615	22974	41948	25316	39047	13210	8489	31206	17248	40048	11833	17472	44961	49589	14936	71423	6415	94353	47722	90495	22173	68218	149317	20453	35230	85747	16569	28296	163192	41855	65039	45832	9149	66396	75863	54068	29790	41781	19824	20926	1924	8415	4948	16132	47342	12066	18330	23161	15930	18285	14364	85004	18543	8058	44051	45056	29099	3328	45919	91227	50863	58138	44811	7584	29985	58865	56252	81726	48864
Zetaproteobacteria	10	26	12	8	15	16	30	65	67	19	23	0	14	38	44	14	15	14	24	29	26	14	11	58	16	12	8	23	10	54	52	16	96	12	12	4	12	9	16	34	1	42	30	214	19	8	4	48	4	8	12	30	32	3	24	47	7	7	27	4	29	63	41	89	8	17	95	6	28	29	30	30	4	81	29	16	3	15	0	32	107	23	44	68	3	1	18	36	5	72	14	25	45	6	26	117	21	26	14	12	4	28	11	25	18	21	6	24	2	26	12	8	35	5	12	24	15	35	17	140	2	2	25	3	49	10	6	35	23	26	2	65	32	25	49	33	27	12	9	11	4	3	20	78	19	1	2	17	59	7	6	25	33	63	7	46	31	31	18	8	21	5	14	2	13	13	25	13	12	5	15	27	20	29	5	8	2	52	67	4	26	3	38	31	15	2	18	64	79	87	11
Oligoflexia	28	122	38	37	27	80	95	92	76	87	63	3	45	50	26	55	78	111	30	109	116	98	74	248	15	25	55	124	4	183	139	25	377	31	38	18	26	10	28	46	8	228	88	372	88	19	12	202	45	15	16	234	126	4	59	100	11	47	65	11	91	118	27	181	19	62	279	6	98	159	113	96	13	337	36	31	41	59	12	144	216	81	75	242	20	4	26	64	19	110	32	72	63	27	58	253	91	40	62	94	48	23	24	37	74	38	58	67	5	158	25	53	83	16	27	98	27	120	63	376	32	24	180	26	112	59	34	331	62	99	16	282	82	47	32	120	78	80	17	26	25	9	41	286	126	15	16	87	166	34	25	99	44	110	88	154	105	60	254	19	11	72	42	36	54	89	96	28	88	10	30	70	47	85	18	69	7	163	149	8	120	139	123	36	21	10	120	169	142	229	68
Acidithiobacillia	1	33	6	11	6	18	25	10	4	31	10	11	8	7	10	11	6	32	12	21	23	10	5	54	3	24	11	123	2	108	26	5	179	5	2	3	8	5	15	6	1	90	46	2	17	6	3	69	11	8	2	72	31	4	17	12	6	6	24	2	19	134	23	23	12	8	95	2	36	73	25	18	5	55	37	1	8	14	0	23	203	14	10	40	7	0	4	31	1	44	4	25	11	7	9	19	16	7	17	16	7	3	2	25	19	12	8	19	4	17	2	20	28	2	13	20	17	22	33	20	3	11	29	20	10	7	18	26	7	43	10	223	23	31	7	45	27	29	6	12	6	1	15	67	29	3	2	20	36	8	7	20	8	19	12	28	34	32	51	0	13	3	6	5	6	28	34	8	20	1	28	23	15	9	6	7	0	75	21	3	20	23	44	6	12	7	19	245	40	24	7
Candidatus Lambdaproteobacteria	0	12	1	0	1	0	3	1	1	0	2	0	1	1	0	0	0	2	1	1	3	4	1	5	0	2	1	3	2	4	7	2	11	1	0	0	0	0	0	0	0	9	35	0	1	0	0	8	0	2	0	5	4	0	2	1	4	1	4	0	7	7	1	8	0	2	13	0	6	10	3	2	3	3	3	0	2	0	0	3	8	1	0	6	3	0	1	6	1	2	0	4	0	0	4	5	1	0	0	1	2	0	0	0	8	2	0	5	1	4	0	1	5	0	0	3	1	1	6	2	0	0	11	0	2	1	0	4	0	6	0	1	0	4	0	5	3	2	0	1	0	1	1	19	1	0	0	5	3	0	0	4	2	4	4	6	0	1	3	0	1	2	0	0	0	8	1	1	1	0	0	2	5	3	1	6	0	7	3	0	1	0	14	1	0	0	1	9	6	30	2
Candidatus Muproteobacteria	1	62	3	3	8	9	18	17	14	19	9	6	8	4	29	5	8	7	5	10	30	2	1	23	3	20	4	14	0	34	16	4	41	8	2	7	2	7	9	22	5	53	48	29	12	5	0	43	5	11	0	39	25	1	9	21	4	3	26	0	17	32	12	36	6	18	55	2	12	32	44	25	2	85	53	4	32	0	0	32	47	6	11	26	1	1	4	17	2	43	4	14	10	11	12	36	11	21	9	12	7	5	2	7	9	8	0	23	6	7	1	4	12	3	7	9	4	11	10	12	3	1	30	2	13	2	4	17	6	43	7	49	32	12	4	56	6	11	22	5	0	0	13	108	33	3	3	12	63	5	5	14	7	38	17	22	26	19	15	1	6	1	15	7	2	25	11	6	7	0	8	21	12	5	5	5	0	29	33	0	18	1	21	2	1	4	9	26	20	34	1
Hydrogenophilalia	12	74	14	17	22	24	50	23	23	38	15	2	11	33	22	12	15	29	34	19	52	12	8	41	6	5	22	21	2	50	61	11	93	10	8	7	8	3	15	28	3	74	53	6	21	6	2	75	15	9	10	80	45	0	24	30	1	25	16	6	36	96	15	54	5	11	148	0	42	57	53	46	6	137	64	14	43	18	3	39	62	47	9	67	11	1	9	25	8	34	12	35	13	16	41	65	25	23	20	31	50	12	6	10	25	13	17	39	1	66	2	15	48	4	12	18	7	26	33	55	42	10	54	5	11	13	28	82	9	53	7	75	24	20	11	53	14	25	6	8	4	5	24	106	52	1	4	29	62	12	10	27	40	47	17	51	35	60	43	1	11	4	17	8	11	42	34	22	18	3	18	28	19	27	8	23	4	53	25	17	27	38	52	24	12	6	48	38	51	96	27
Deltaproteobacteria	679	27090	4883	37758	15438	13575	29723	34660	1896	39399	7030	993	16254	9762	64971	10342	32019	28116	12361	30225	86295	22775	2044	60225	4115	42890	11454	6576	418	52684	17806	14161	32583	11468	1309	7263	2549	3336	1176	17527	5290	96951	26904	2358	22036	20954	7063	49913	2022	5437	2463	28745	32235	4654	6846	24969	3184	12432	19988	16313	15468	214650	18524	18762	25540	11183	85929	20615	35553	39365	25720	33244	14151	31085	79752	7661	13494	6715	1733	10652	19856	39128	15395	28330	19317	1516	7749	7858	11474	33019	4151	32611	10609	30880	9616	93283	30955	23040	15176	33868	6935	12792	44032	2440	12115	10907	7702	17892	4055	40794	32680	72535	12938	10998	12292	14775	41797	8791	17288	8858	415	6490	34784	23902	44864	6202	9260	33420	8296	45021	28978	24973	22366	30153	6948	25614	9683	40343	22595	23078	7171	23262	49932	108469	23033	29163	3592	21929	5853	7275	16443	19948	5084	16313	7505	12662	34826	30412	60545	295	32198	6089	2985	10801	8090	19368	35704	6706	8448	8916	18336	15266	15615	31671	19892	6782	4936	56590	6625	3725	10442	4521	29495	4492	34010	11059	4989	53932	46059	38631	17047
Epsilonproteobacteria	132	516	102	182	154	243	705	285	330	429	362	53	284	107	97	301	259	351	288	1275	487	365	359	1050	135	109	239	468	946	600	743	132	2061	74	149	177	74	190	282	410	127	1093	624	952	329	116	120	413	454	89	1527	734	777	20	434	685	69	230	165	54	795	5248	133	1060	160	242	1701	76	484	615	681	327	52	1440	216	277	471	458	132	830	1233	281	326	1237	199	168	73	155	62	418	109	235	407	87	294	597	386	180	136	334	284	101	147	145	17946	143	181	1333	24	641	157	1016	298	67	102	377	118	667	503	1214	223	408	810	122	675	180	141	2826	237	767	35	742	523	177	252	735	387	374	54	163	308	112	161	1041	531	42	477	265	567	218	519	510	170	588	265	754	833	317	3176	125	135	484	108	104	181	308	627	289	322	101	303	258	230	360	115	242	64	560	460	207	437	590	523	519	322	38	412	1197	4625	716	268
Fusobacteriia	72	338	3159	97	111	134	267	221	377	10246	386	27	318	145	78	214	259	951	174	560	27121	389	330	649	109	67	131	432	50	1268	378	111	4306	51	98	53	73	234	109	5022	40	750	9095	1013	243	11538	38	657	248	101	202	759	489	31	580	579	145	102	187	52	358	574	70	1582	3286	269	600	28	582	349	1079	426	107	1462	87936	130	88	244	56	1819	517	343	366	798	73	49	98	136	80	384	65	295	1063	115	162	38870	1868	96	150	222	693	59	4489	94	416	636	737	508	28	4826	19031	136414	5697	24	47	493	3316	673	352	2799	122	146	661	90	9894	123	293	1778	3761	1593	14160	672	352	473	1894	722	412	393	79	120	166	26	3554	2232	381	22	481	6862	434	430	198	497	224	1681	258	22979	10446	2734	1520	44	2066	223	82	1321	1460	136	277	162	347	1373	420	1307	211	235	126	131	72	938	10987	42	305	286	697	238	117	35	515	832	419	527	257
Nitrospira (203693)	58	207	43	55	35	85	154	104	89	173	98	3	77	37	33	130	175	663	207	100	175	144	48	294	59	42	44	229	7	275	114	38	501	16	51	21	63	28	25	87	8	422	164	23	90	35	11	316	36	31	51	432	183	6	49	248	14	161	88	16	154	216	104	273	147	73	436	8	180	225	209	120	24	300	176	26	23	71	25	156	325	155	69	226	25	41	29	67	23	192	61	167	36	68	204	232	220	54	70	136	109	28	113	43	142	75	30	65	35	82	14	16	89	8	51	89	12	158	60	110	169	52	266	29	92	34	35	418	94	204	22	452	124	54	34	108	111	121	45	100	108	10	63	587	277	5	7	144	216	23	47	133	90	116	65	96	140	73	167	49	25	10	67	39	69	122	120	75	108	5	74	68	59	98	13	50	9	318	170	39	145	379	154	80	100	13	111	481	226	231	70
Acidobacteriia	177	1087	164	252	245	387	781	507	341	505	247	35	275	252	196	311	234	521	288	471	622	207	113	1261	183	182	265	1065	35	1361	599	126	1846	133	75	121	153	121	145	324	51	1794	701	328	455	79	46	1407	193	194	90	1501	1013	18	269	461	110	159	415	61	885	973	369	1143	111	378	2304	47	659	1171	856	588	64	1573	316	184	176	232	28	582	1524	480	346	1004	143	70	115	448	122	929	86	441	332	273	489	1141	411	234	321	325	227	166	90	247	290	311	199	271	64	514	37	131	477	51	144	358	78	357	451	476	147	196	996	89	363	215	200	681	356	1012	57	1805	544	284	197	675	370	520	163	153	87	48	340	2257	578	60	43	443	1231	138	157	609	428	470	397	494	789	426	487	34	189	53	257	171	286	572	605	239	281	46	362	411	303	491	90	228	21	1229	581	130	554	277	701	289	82	65	554	1659	1081	1119	218
Holophagae	2	71	7	24	18	24	44	38	28	38	22	5	20	33	55	19	15	23	9	24	66	14	2	72	12	10	11	118	6	135	36	17	147	14	9	5	14	6	5	30	2	140	61	45	52	6	3	143	10	13	6	105	69	3	9	85	9	6	37	4	51	94	44	202	9	37	146	9	58	87	47	45	9	123	52	9	29	37	2	28	150	36	32	76	18	2	9	28	30	65	5	29	22	15	51	116	24	21	33	20	7	11	10	34	18	16	19	29	4	43	20	7	29	8	13	44	10	34	48	38	3	10	60	8	19	15	20	49	26	82	15	234	36	38	9	85	24	49	24	20	10	15	37	199	45	36	3	37	76	2	22	32	35	43	14	46	40	29	37	4	20	4	14	12	19	47	42	15	19	0	19	40	26	43	10	10	4	125	48	7	47	2	53	25	18	8	21	266	90	79	9
Blastocatellia	28	62	12	13	32	27	39	32	39	43	13	3	16	5	3	9	22	41	6	18	34	12	8	66	19	7	6	51	1	53	65	10	136	5	30	4	13	9	5	31	0	147	41	1	23	5	8	79	16	10	5	100	45	0	45	8	4	11	24	1	29	58	11	69	1	18	94	4	30	54	95	27	1	95	10	5	6	34	9	67	69	58	30	55	3	9	7	33	1	47	5	29	6	12	55	94	26	5	9	13	11	2	4	10	40	17	31	21	2	55	1	17	38	0	3	27	5	22	38	22	1	11	84	5	14	12	11	78	17	37	3	119	44	15	8	26	24	28	6	2	3	2	14	294	60	1	1	13	46	12	15	30	13	15	17	19	35	28	28	7	13	2	16	10	21	34	43	25	23	5	11	24	18	25	3	19	2	118	65	3	37	42	34	11	5	3	81	119	61	58	14
Thermoanaerobaculia	0	1	1	1	1	1	6	3	1	2	1	0	1	0	1	2	2	1	0	0	3	0	0	2	0	3	1	2	0	6	1	0	4	1	0	0	1	2	2	1	0	11	3	21	0	0	1	4	1	1	0	5	7	0	0	2	0	0	3	0	3	3	2	4	0	0	6	0	7	3	7	2	0	4	1	0	3	0	0	2	5	4	1	4	0	1	0	2	0	1	0	1	2	0	2	6	1	1	1	2	1	2	0	2	1	0	0	2	1	0	2	1	2	0	0	3	0	5	2	0	0	2	2	0	2	1	1	10	0	5	0	4	2	2	0	2	6	0	0	0	1	1	0	5	8	1	1	6	7	0	0	3	5	5	2	1	3	6	1	0	4	0	7	0	1	3	10	0	2	0	0	0	5	3	1	1	0	16	6	0	2	1	3	3	0	0	7	3	11	7	2
Vicinamibacteria	5	19	3	2	2	4	10	13	6	7	2	0	2	8	6	2	6	2	3	10	24	9	0	17	1	1	5	8	1	21	17	3	27	3	1	3	4	3	0	14	0	8	10	0	10	1	0	23	2	0	0	24	25	0	4	3	7	5	2	3	16	35	3	10	0	9	36	0	4	13	11	2	1	18	1	0	12	3	0	10	11	22	14	26	2	3	1	2	2	17	1	20	3	5	11	47	6	2	5	5	3	1	0	4	11	6	2	7	1	4	0	0	3	1	0	13	0	8	3	25	4	4	26	2	6	5	6	9	2	4	0	15	4	4	8	8	6	5	7	6	9	4	5	18	14	2	1	3	36	3	1	48	4	18	7	6	8	15	6	2	7	0	3	3	4	5	7	3	3	0	18	6	11	12	1	0	1	29	7	0	86	2	23	1	1	1	11	18	18	25	4
Dictyoglomia	0	0	0	0	0	0	2	2	0	1	0	0	0	1	0	0	4	0	0	3	4	0	0	4	0	0	0	0	0	1	3	0	2	1	0	0	0	0	0	4	0	2	1	0	1	0	0	0	1	0	0	0	1	0	0	1	1	0	1	0	1	2	0	3	2	0	1	0	0	0	1	0	0	9	0	0	0	0	0	3	0	1	0	2	0	0	0	0	0	0	0	0	0	0	1	0	2	0	2	0	1	0	1	0	0	0	1	0	0	0	24	2	0	0	0	0	0	2	0	0	0	0	6	2	2	1	0	2	2	13	0	0	1	0	0	1	0	0	2	0	0	0	0	1	0	0	0	3	0	0	1	1	0	0	0	0	0	0	1	0	0	0	2	0	1	0	2	0	0	0	0	2	0	1	0	1	0	0	1	0	0	0	2	3	0	0	0	0	0	2	1
Endomicrobia	1	1	2	3	1	6	3	11	3	5	8	0	2	0	0	2	1	4	1	26	10	1	2	2	4	0	2	0	0	7	3	0	30	0	1	0	0	0	2	78	0	5	6	46	2	0	0	18	2	2	0	20	1	0	0	0	0	0	2	1	15	26	0	6	1	9	18	2	2	6	5	7	0	26	0	0	1	4	0	2	15	3	15	16	0	0	1	0	0	5	0	3	4	0	4	9	6	0	8	8	0	3	1	3	1	1	0	5	0	1	0	2	3	0	0	12	0	2	4	1	2	0	17	0	6	1	0	6	4	5	0	21	5	4	1	3	1	2	1	2	0	0	1	7	2	0	0	1	5	5	0	10	1	4	3	6	4	2	39	1	0	0	1	0	4	1	13	0	3	0	1	5	0	2	1	4	0	3	11	1	4	2	6	0	0	0	2	8	5	17	7
Elusimicrobia (641853)	2	1998	26	19	11	17	32	4751	83	26	39	2	34	18	4	25	6	96	11	80	108	8	1026	83	21	4	10	17	3	67	2956	8	119	2	6	9	16	8	8	36	6	539	7007	24	72	8	4	631	19	5	6	2346	687	1	26	64	7	13	21	5	67	79	7	208	8	6957	693	0	53	89	60	12102	1	206	10	8	3	126	1	13634	58	2019	3272	160	7	1	5	9	9	6526	5	1926	43	67	56	45	5688	5	2012	38	68	6	54	5	37	40	11	2076	0	260	1	16	27	11	14	2430	14	1673	1777	139	2	304	422	8	63	19	211	2886	20	69	2	187	36	19	6	23	144	49	4	10	9	3	17	354	26	0	1	19	75	19	7	67	28	23	289	69	22322	40	86	14	7	6	9	4	18	20	36	17	32	3	18	180	1942	22	2	69	0	2211	122	3	178	125	31	7	3	3	28	53	1086	99	15
Aquificae (187857)	7	33	8	6	7	12	18	18	19	15	19	1	16	6	9	19	9	11	5	12	15	8	18	78	7	3	9	15	8	24	24	7	50	7	3	5	5	7	3	9	2	41	22	27	19	9	2	28	11	9	8	40	48	1	26	24	7	2	13	3	27	17	11	110	11	4	49	2	40	16	32	16	4	104	12	6	1	19	0	32	27	11	16	42	5	1	3	9	11	20	5	15	27	6	14	20	7	1	10	16	42	1	5	11	12	15	9	40	2	24	1	10	10	3	4	13	4	22	11	18	4	10	42	10	19	13	7	56	14	23	4	36	23	14	8	19	11	16	4	4	6	7	10	99	23	1	3	17	60	4	18	19	3	17	10	17	27	26	122	3	2	3	3	5	3	24	13	9	11	1	15	14	10	22	4	3	0	36	40	5	19	14	42	16	1	4	21	30	38	61	6
Thermotogae (188708)	26	151	22	36	29	50	82	36	63	56	43	3	45	17	46	41	29	56	41	123	116	58	22	224	24	15	26	121	9	104	97	33	325	18	27	20	26	16	31	86	7	196	143	337	62	29	15	116	27	19	14	173	137	5	84	102	24	8	100	3	123	107	77	308	22	52	273	8	123	142	157	77	14	258	36	21	10	52	3	100	225	69	64	256	21	3	26	53	18	90	16	66	49	40	46	255	58	17	47	32	40	39	21	44	34	40	41	97	9	129	13	25	60	18	14	58	12	84	38	94	13	26	215	23	96	46	39	182	47	133	6	169	124	55	49	149	32	94	21	27	21	8	29	287	78	10	10	40	157	46	47	109	28	109	41	128	105	42	381	6	43	8	44	66	45	48	105	24	65	1	52	44	56	101	11	48	5	164	131	2	153	34	103	51	20	8	68	144	91	159	39
Deferribacteres (68337)	17	46	8	10	20	19	44	37	24	19	35	1	10	18	4	37	7	23	9	35	39	12	11	70	2	12	40	190	4	104	52	8	180	5	6	3	7	5	4	23	1	84	67	38	17	14	3	85	7	5	2	77	64	0	10	17	6	10	22	1	52	61	43	108	8	14	78	0	65	71	56	18	0	88	17	31	23	35	1	27	133	26	31	98	5	4	5	16	4	20	2	18	11	7	19	38	27	7	18	16	28	2	0	14	19	21	15	24	1	36	2	41	29	4	6	28	3	43	17	43	4	5	46	6	122	14	23	188	36	56	6	201	48	4	20	30	12	19	9	21	5	2	6	139	33	1	1	25	50	8	6	39	13	74	20	59	51	25	131	2	15	7	11	9	8	34	50	6	20	3	6	42	34	35	7	10	1	56	26	0	29	29	60	22	5	1	18	274	41	58	20
Chrysiogenetes (118001)	4	4	1	4	6	5	7	8	4	10	4	3	3	16	11	3	4	5	3	9	15	3	0	15	6	3	4	31	1	36	12	8	19	8	0	2	6	0	0	7	4	32	11	1	3	7	5	4	3	3	8	8	8	3	3	14	8	0	4	1	12	17	10	22	6	5	42	3	18	11	12	3	7	4	11	3	3	4	5	14	23	7	6	17	7	5	5	3	22	2	7	7	9	5	8	21	8	1	7	3	1	5	4	1	1	3	1	6	0	5	9	2	9	0	5	2	2	4	6	9	1	0	16	12	7	6	5	5	14	14	9	27	2	18	12	7	11	2	4	10	2	7	4	11	6	8	8	3	20	5	5	3	12	2	3	4	11	5	2	1	4	3	11	7	3	11	15	3	1	3	6	2	6	9	0	5	1	66	1	4	5	3	5	1	5	5	2	26	33	7	2
Thermodesulfobacteria (67799)	1	6	1	0	0	1	6	12	7	4	4	2	0	7	4	5	6	13	8	21	11	17	4	38	2	2	13	1	1	4	6	2	13	1	1	0	3	1	0	3	1	9	15	10	5	2	0	16	4	2	1	1	4	1	29	5	0	6	2	1	15	7	1	15	1	0	12	1	8	5	51	3	1	14	3	2	1	0	1	6	36	5	13	24	1	1	4	6	1	16	1	6	6	3	1	11	5	0	3	17	8	0	1	2	5	4	3	5	4	10	2	0	2	2	5	12	1	10	3	22	3	1	17	0	7	5	1	27	1	9	1	11	6	2	5	1	5	4	2	4	4	1	2	22	18	1	0	4	15	1	21	9	0	4	6	5	3	2	56	0	0	4	0	1	0	8	3	1	4	0	7	6	0	9	0	3	1	24	9	1	11	52	9	4	5	1	11	8	6	8	11
Spirochaetia	317	335545	442	693	447	876	1627	1019	2876	1283	1053	25	647	481	213	952	828	1060	555	1308	1508	961	84335	3657	649	286	774	2670	72	2080	1368	322	4433	164	283	182	310	586	360	1065	164	2750	3626	1029	921	212	97	53195	524	271	251	7317	1655	44	962	1235	142	648	1670	98	1829	1756	385	26200	217	506	3732	77	1779	1898	1656	705	91	3532	1062	497	259	862	246	1898	2829	853	1155	2592	176	72	318	31382	218	1548	471	796	1153	400	914	2817	1093	340	584	980	904	231	342	397	49703	811	643	715	74	1345	85	207	896	83	230	1462	173	121356	825	2144	289	447	2012	213	1054	485	375	2444	761	1732	145	222704	1604	559	473	1730	725	1005	279	403	569	103	404	257920	2270	56	70	687	2347	603	418	1427	563	1725	24672	3879	1418	951	2008	144	215	484	341	319	1127	1270	1168	488	1280	165	520	649	682	1142	106	949	53	2864	1624	346	1273	1032	1702	464	308	111	908	2285	175660	2667	2448
Synergistia	41	279	40	97	101	322	436	191	118	165	34	6	67	110	62	92	70	2553	65	163	265	1007	45	921	36	576	96	547	12	2858	187	46	869	114	16	34	37	44	55	125	8	6634	192	122	184	44	12	416	51	59	16	497	445	15	73	181	25	34	356	2800	280	335	15607	608	10	1195	3866	19	249	4480	722	3342	217	551	81	35	68	103	9	177	789	180	101	443	41	20	31	145	42	251	30	167	65	821	519	1100	164	80	2103	83	55	49	21	60	100	243	57	124	19	265	21	45	1882	15	46	110	22	122	107	270	29	40	661	881	6246	90	52	383	196	255	24	2658	190	179	72	313	236	287	100	40	28	28	487	3887	251	28	10	174	469	50	98	230	129	254	126	151	161	116	292	13	87	42	71	65	120	209	268	242	93	20	137	338	239	228	39	82	6	7643	202	25	216	23	273	204	35	19	119	4729	405	566	55
Calditrichae	0	7	0	1	4	0	6	6	5	4	4	0	2	3	2	2	2	4	1	2	3	5	2	1	3	0	1	6	0	17	5	2	18	2	3	3	2	7	3	5	0	15	6	0	5	0	0	11	2	2	0	10	11	0	5	3	0	13	7	0	7	5	3	5	0	2	21	1	4	8	9	0	1	15	1	3	0	1	0	9	6	3	5	25	2	1	2	4	1	3	0	8	1	2	2	8	5	1	3	2	21	2	3	0	7	1	1	4	0	6	0	2	2	0	3	3	1	5	4	9	4	8	12	1	2	3	0	8	1	4	0	3	4	0	7	7	2	15	1	3	0	0	3	17	10	1	0	7	6	1	1	14	2	1	5	10	12	3	4	4	2	1	5	0	1	6	10	1	4	2	1	2	9	7	0	2	0	9	12	2	10	2	14	5	1	1	7	9	5	11	1
Coprothermobacteria	0	0	0	0	0	0	0	0	0	1	0	0	0	0	3	0	0	0	1	1	0	0	1	2	0	0	0	2	0	1	2	0	1	0	0	0	0	0	0	0	0	3	1	0	0	0	0	0	0	0	0	0	1	0	0	0	0	0	0	0	0	1	0	2	0	0	2	0	0	0	0	0	0	0	0	0	1	0	0	0	0	0	1	2	0	0	4	0	0	1	0	0	1	0	2	3	0	0	0	0	0	0	0	0	0	3	0	0	0	0	0	0	0	0	0	2	0	0	1	0	0	0	0	0	1	0	0	0	0	0	0	0	1	0	1	0	0	0	1	0	0	0	0	1	0	0	0	0	1	0	0	0	0	0	0	0	0	0	1	0	0	0	0	0	0	0	0	0	0	0	0	1	0	0	0	0	0	7	0	0	0	0	0	0	0	0	1	0	0	3	0
Spartobacteria	30	72	11	21	12	25	54	55	24	32	24	5	23	29	14	23	17	56	46	37	60	39	19	90	8	6	18	129	2	105	37	17	176	10	13	12	8	11	21	38	3	118	58	134	33	13	5	179	13	7	3	209	109	0	35	39	12	7	36	10	50	71	15	84	17	35	212	2	43	107	64	64	4	153	10	10	10	45	0	59	131	62	36	116	9	9	13	48	9	68	4	36	23	20	63	68	45	26	35	33	41	18	6	74	28	41	3	17	6	46	4	24	37	4	22	43	15	22	54	49	3	5	76	7	27	15	22	75	45	117	2	155	42	26	28	50	23	64	9	10	6	1	36	191	46	4	8	14	100	3	7	35	38	48	46	50	54	63	81	5	11	1	18	10	15	85	39	10	15	12	22	61	20	46	5	26	2	127	50	3	47	20	60	30	7	11	20	138	69	77	40
Verrucomicrobiae	753	896	245	242	80988	482	1611	5636	327	557	220	231	247	22490	3177	774	945	5073	1511	7395	208004	6418	191	61086	196	61960	32935	127168	7872	8153	527	9068	49825	164	553	68259	172	6185	70850	13219	48	281381	493	186	437	235	10258	104730	230	14866	88	2551	1012	9342	365	2513	659	131	504	3723	8275	13047	207918	70171	989	10078	47733	89175	38330	179370	1473	2080	2957	80259	2082	514	12414	837	494	520	1227	73974	2117	3173	2630	6622	133	455	488	841	88	59748	294	280	653	1183	1003	26686	11295	301	460	281	2003	29464	314	31627	222	283620	33028	482	425758	3446	19173	517	492	1953	14944	19808	10689	3750	163	210	168152	7837	4325	39371	510	1520	2816	5270	111	60038	14694	45590	264	80367	13575	742	20327	14753	1383	459	80867	745487	495	13193	469	24569	1299	4992	54274	4575	177216	749	529	1986	565	37078	227203	42	43575	312	179	115569	359	718	50915	187	26208	163	870	24637	56795	6826	135278	437	20808	181688	538	304	594	255	1134	79582	3003	18743	423	61512	781	200929	1518
Opitutae	492	700	84	85	91	280	692	637	108	181	143	6	133	46	58	75	262	220	95	841	159	75	52	590	232	38	70	1241	30	844	1674	93	1255	42	39	38	243	375	2066	65	0	3241	375	267	19982	28	9	1524	102	133	21	50047	634	1	120	103	20	53	472	17	3056	973	129	2317	110	170	1814	7	247	918	334	8638	22	791	62	172	75	189	17	341	689	526	566	307	44	25	39	1101	29	486	55	445	59	305	3265	487	14461	258	213	401	72	45	65	181	120	2573	87	111	19	136	57	34	6561	10	50	684	30	590	3424	1709	41	72	586	19	162	701	127	221	609	545	19	1213	238	74	718	207	293	272	184	2445	111	31	269	3089	267	4	13	119	664	51	30	7140	914	173	234	161	4178	217	333	19	84	4	73	115	84	482	380	106	106	16	98	366	136	2746	16	107	8	3708	5872	19	313	116	726	93	20	11	185	1310	372	8933	586
Methylacidiphilae	9	6	0	0	5	1	13	3	2	10	6	1	1	7	2	2	1	8	1	8	13	9	2	11	0	0	5	17	0	19	11	2	27	2	0	1	0	3	1	3	0	25	17	16	3	0	1	41	1	1	2	42	14	0	3	2	2	1	7	0	10	7	5	43	0	17	27	0	11	10	8	5	2	12	2	9	1	9	0	6	26	6	3	17	3	0	0	10	1	5	2	5	3	3	8	7	7	1	19	0	1	3	0	6	1	2	1	0	3	7	5	2	20	1	4	1	2	4	9	4	0	1	9	4	4	5	0	12	8	55	0	79	5	2	6	4	9	8	4	4	0	0	12	24	4	0	0	2	16	5	0	9	10	4	7	6	8	1	8	0	1	0	5	2	2	6	7	0	8	0	13	13	1	12	1	5	0	14	7	0	6	15	13	4	5	0	4	35	7	13	8
Kiritimatiellae	0	15	0	1	1	9	2	2	6	1	1	0	1	0	5	0	0	2	0	2	3	0	1	10	1	0	2	5	0	5	5	3	10	0	0	1	0	0	0	1	0	7	0	0	2	0	0	6	1	1	0	7	1	0	0	0	0	1	2	0	6	3	4	12	0	0	26	0	3	12	5	1	2	39	0	0	0	0	0	5	9	4	2	4	1	0	0	8	0	29	0	3	0	5	0	2	0	1	0	0	0	3	0	4	0	1	0	0	0	5	0	0	4	0	0	2	1	0	1	2	0	1	5	0	0	0	1	2	1	9	0	25	1	3	0	1	0	0	0	1	0	0	4	22	0	0	0	0	2	1	0	5	4	2	4	0	3	0	0	0	3	0	1	2	1	1	1	2	0	0	0	6	0	2	4	0	0	2	3	0	0	0	4	1	0	0	1	5	15	4	2
Planctomycetia	117	561	70	129	114	192	429	418	198	429	172	19	166	99	114	244	103	330	395	194	320	206	70	595	77	81	170	385	20	625	312	66	1021	74	83	68	57	84	68	159	7	793	341	129	237	70	16	808	132	81	39	1154	367	6	297	210	38	61	260	46	459	416	134	525	293	229	1337	21	341	543	419	274	43	846	163	57	53	143	27	326	755	267	237	496	54	20	65	287	69	580	80	250	142	117	270	686	257	119	189	156	253	78	41	106	223	202	155	131	23	284	27	41	189	34	67	262	81	178	333	269	34	115	535	40	252	107	95	391	136	540	261	1281	308	112	227	324	197	378	75	105	124	26	185	1115	296	84	22	175	634	85	54	371	168	286	200	272	567	201	372	17	91	12	188	80	187	370	305	129	195	24	169	240	160	326	31	111	14	525	305	100	342	190	430	147	44	29	271	636	488	560	159
Phycisphaerae	64	359	59	61	69	99	266	189	93	166	59	2	79	88	74	69	52	157	109	138	222	124	33	337	48	58	74	262	19	327	264	40	521	45	39	30	50	38	41	102	5	457	222	194	136	45	25	462	52	53	26	402	263	67	62	115	20	32	126	26	293	213	71	314	43	108	646	4	182	322	265	133	23	507	67	58	16	106	7	168	376	200	116	296	35	18	26	146	28	249	22	197	38	80	126	317	139	61	116	81	91	66	23	87	82	114	58	64	21	184	16	37	160	12	42	131	100	103	140	141	48	33	318	34	101	62	45	254	72	275	15	525	148	71	135	140	100	204	51	33	19	16	127	730	224	13	14	87	389	54	39	170	84	171	115	175	286	71	177	4	78	13	96	31	81	232	173	63	101	20	101	163	109	138	21	70	11	298	184	17	189	57	200	76	25	19	127	368	271	358	85
Candidatus Brocadiae	0	7	2	5	0	2	4	3	9	6	1	0	2	2	0	5	2	3	0	6	13	2	1	5	0	1	2	10	0	6	5	0	10	4	1	2	1	1	1	25	0	27	18	2	5	3	0	11	4	1	0	3	5	1	7	4	0	4	4	1	8	3	2	11	1	3	21	0	8	9	7	2	1	2	2	1	1	1	0	5	22	13	4	7	0	0	0	6	0	14	0	9	16	3	4	0	7	2	1	6	5	2	3	0	6	1	9	6	3	4	2	2	9	0	0	4	1	6	0	5	2	5	9	0	0	2	0	15	4	26	1	6	6	2	2	16	6	3	3	0	1	0	5	3	2	1	0	2	14	0	1	7	6	2	4	18	4	22	21	0	14	0	5	1	5	7	0	0	4	0	4	10	6	2	0	0	0	6	8	3	1	13	13	5	1	2	4	7	3	25	2
Chlamydiia	59	130	61	94	26	39	80	61	930	91	157	10	32	10	40	291	754	260	238	40	120	250	123	221	321	41	97	150	40	125	703	82	270	39	3156	40	17	16	65	54	123	164	278	281	126	11	6	120	130	130	88	129	100	8	606	53	11	220	73	22	256	121	27	140	14	82	569	6	143	198	122	44	21	2641	109	28	10	118	331	329	361	45	119	127	39	30	172	9569	30	73	106	26	56	30	47	402	61	87	42	437	366	13	16	23	664	61	35	400	4	540	14	376	82	21	6771	110	281	154	175	290	14	39	106	45	152	10	83	449	57	133	200	153	310	50	100	47	131	317	16	120	92	10	32	292	556	3	49	52	88	130	28	63	31	1978	46	68	426	59	246	74	49	18	44	40	26	122	221	470	152	26	38	48	57	197	8	89	9	102	811	35	583	4317	72	24	39	43	1117	246	209	310	135
Lentisphaeria	461	23613	14190	112	57189	50626	90999	5313	8318	9677	3825	53	1278	138	1518	356	1648	2903	536	2415	23764	1978	202	26945	2331	5559	11910	29369	237	216775	11144	4535	151030	1327	72	39	4446	4208	6057	175	103	84869	3760	103	6144	9595	73	8673	4143	1585	54	102379	9919	36	87	61957	54	1656	13161	8427	39684	13176	8364	14369	1815	46421	89252	20	38580	26939	9658	43081	2527	41231	83	1428	67	826	147	11310	36612	22562	3136	34877	14202	33	11223	502	703	38126	1687	19935	4958	18013	22899	24897	18823	2781	31716	12695	1133	14844	644	9111	856	18600	166	915	31	2490	1746	1269	22919	1796	1020	2605	1941	10354	6499	12554	70	243	63044	172	20873	1580	142	17836	12232	57800	6104	23728	58371	10351	11961	19666	27511	22491	4483	9405	177	75	20229	85570	6221	1270	161	1519	632	1999	2611	10273	54017	3819	41269	9905	5873	34717	7646	21	10273	54	13829	8607	9714	30616	78964	5889	5101	259	11237	15520	2881	15678	24	155	20	41585	29183	120	10820	241	43995	143	5183	29	3404	22820	3886	36161	11449
Fibrobacteria	121	486	110	119	119	235	424	231	331	304	187	18	135	87	58	207	152	488	333	204	216	210	84	425	181	27	75	845	32	427	370	91	869	30	73	27	46	54	50	124	92	721	451	130	150	36	34	668	144	56	51	802	274	5	443	199	25	165	151	14	430	295	96	462	53	114	686	17	191	319	373	168	36	556	170	245	81	156	29	341	624	217	185	354	26	63	48	226	19	392	103	183	141	130	220	444	284	87	110	185	236	55	59	79	185	122	260	247	12	374	32	19	285	44	36	212	75	210	248	551	246	106	463	44	168	89	110	435	105	393	36	736	265	92	187	213	151	303	49	136	138	43	93	911	285	26	15	182	245	154	56	282	141	334	181	243	467	168	343	64	55	38	123	43	101	267	286	129	150	18	107	163	87	284	18	111	14	418	297	27	297	388	364	106	57	21	307	473	453	437	208
Gemmatimonadetes (219685)	25	174	22	32	83	42	105	64	25	48	15	4	35	31	28	17	34	81	18	38	88	21	9	94	14	14	24	166	3	140	79	10	216	18	5	11	19	19	12	36	1	203	87	39	68	19	0	204	20	13	12	186	110	2	28	59	17	11	38	10	76	104	50	118	4	49	198	5	65	114	107	67	8	253	40	11	59	33	2	82	215	83	40	94	34	2	26	53	10	93	20	67	15	30	63	98	60	26	48	44	19	14	14	25	56	41	19	24	3	54	3	22	69	14	15	39	8	69	58	58	4	42	142	11	26	20	16	87	56	88	4	234	58	34	22	103	30	62	15	12	7	16	49	252	65	33	1	32	165	37	10	72	69	46	53	70	115	41	83	5	21	10	24	28	39	71	97	37	29	8	49	46	40	44	4	30	1	123	61	8	71	22	92	34	20	10	52	197	121	125	11
Bacilli	11814	35633	12829	18120	16469	17699	40182	13999	15557	18217	10544	2100	13951	12224	19982	16673	16682	17757	18200	21487	38306	19629	4199	40889	9562	11789	13459	13285	95857	22893	25900	13250	75912	13232	28545	14817	9730	10214	15307	19839	12066	57993	44858	349427	28983	15253	9305	24395	19581	20658	43357	37889	33708	4361	10397	19531	15860	5895	14937	5312	50618	80191	13798	30313	9254	21032	54701	15102	26226	17644	46152	18388	10997	49033	15268	10215	18867	18548	13681	19337	65117	16065	22809	50564	9074	28165	14239	14926	20080	17995	4447	13374	15308	18208	10896	70225	31450	12026	18916	16989	7651	71269	19347	32515	16209	11444	7569	137642	11485	26627	27798	26400	31844	6635	20820	40604	14022	29342	80889	40478	6107	13527	35566	30236	25158	27966	9996	40883	12142	25043	4924	30824	27293	19775	12719	27238	23611	15277	4793	25671	28026	10123	16040	65323	28191	21858	27291	19767	45481	10760	35130	21784	11228	50849	10786	38628	33738	18380	217777	4914	13436	35655	9867	8362	18332	11215	24666	38362	31108	11367	31362	11154	51468	23175	67832	22325	23379	26581	23586	134736	25432	14793	34625	71367	10089	7341	22934	31290	33675	34129	12284
Clostridia	414583	3099428	850561	1283857	1466369	2618786	3506555	2618217	2078861	2353287	892893	205650	1178004	3405779	1522198	1645819	1654520	2318818	335863	1843005	6046359	1962767	378857	3115946	997431	851189	1714789	791724	894544	2591544	1431481	1024720	3223065	1154899	542224	1236453	763405	1175930	590993	1979369	53782	5324991	5046948	188847	1731944	893838	598268	1982943	1073911	1765699	491953	2513402	2898929	342307	762723	3093633	1224081	847177	1291055	784830	2163210	6193993	1257968	1739262	312982	1718709	7005025	543619	1829673	2327258	2910391	1450943	801215	3945121	3428146	986689	2204100	493560	252477	1129751	2527485	2766426	2080484	4933609	1116522	571864	974360	546209	2216278	2080799	537067	2413986	841283	1238814	1175042	4480061	2269603	1421842	1284787	1354897	1192580	1381952	1013269	1604472	1634747	1490680	1148041	1999929	828001	2040516	691170	3400246	3019648	680083	695015	2233650	2291754	1156410	1402177	1775215	449154	700581	2218761	1729304	1527671	1390605	1424291	2020438	1121592	3171955	404394	1768729	3022683	2910553	700080	4075640	1355489	1986684	858358	1772613	885331	1605556	1178246	5072349	2601097	366759	445582	3720788	3777795	750191	2683756	2252392	3593525	1453423	714596	1842127	3114520	3104673	2755302	393346	522858	415294	923117	1214947	954500	1821103	3904758	730296	1561702	313827	1948224	1703188	1643482	4088574	1414082	1326177	593771	2963673	2048769	974600	2323128	422825	3533648	3904886	803195	891381	1920675	2314960	3356241	5009781	795923
Erysipelotrichia	1587	48432	13121	19796	56454	17386	81807	9551	12512	20748	27441	1405	23550	12217	19689	8439	10521	28195	4771	40172	56009	15450	6189	38207	20146	11088	49291	11847	5302	40996	28486	10606	39762	37603	4438	6260	6187	4752	7692	23108	171	117487	18397	18958	36788	24156	2178	15871	11325	6975	1627	68514	56616	825	7662	67152	13178	12939	24446	3877	20974	99264	10690	23208	1750	22371	89932	2071	24448	45442	60880	27372	7244	38621	74417	6220	5491	14295	2162	22533	42769	33288	16345	30897	9905	2512	21546	9566	4083	15963	4901	29977	12178	13604	28721	83673	11581	21174	13066	18662	4508	12578	13358	15820	92632	8914	10665	13572	9814	39686	25870	2806	51207	5487	3254	17921	5559	17381	8407	20597	4504	7730	26669	6616	9956	6842	12187	26215	11344	58869	3630	16019	31015	17571	9138	39054	17479	46457	29317	60045	4872	4071	16107	87148	28346	2729	1467	17353	63506	7891	27553	32188	10763	12687	13159	36638	23640	13854	102609	2224	6667	3127	11732	6921	14353	9566	28391	9753	37383	2587	32058	37454	13101	35059	37836	21798	9445	37119	55452	4420	16696	6214	67286	18119	6076	4404	19584	88942	62061	56463	6126
Negativicutes	1913	28060	15158	5981	13356	89724	24204	56766	13558	38893	24345	1634	21718	51828	15981	29943	3789	150726	40609	18836	45351	74128	21304	204138	8414	2092	33882	11908	32519	40737	17044	9802	31371	22461	40939	15032	6505	12589	6403	13810	15206	70727	36464	1449	10268	4157	5279	71851	22796	15377	48284	17496	72909	36352	17365	38824	23481	14305	28300	4398	12505	189350	6447	15118	19361	38328	42113	14136	21337	33660	47330	41916	15311	23468	9292	16259	13842	37968	10442	53006	92195	24256	21005	70764	5599	3833	18579	9715	216801	80583	16036	19999	8975	23763	13267	63180	51614	10694	26522	15574	7699	10719	35903	74781	87647	10676	19191	88117	5871	32690	168580	53334	51265	9392	2582	17901	17348	14468	99386	14708	2009	8609	24282	5923	122815	10418	45037	22726	2612	31925	13983	16619	11090	25740	20763	146227	20272	26253	18566	10068	13070	4785	25634	128942	59719	4483	13424	26267	8634	7192	36673	32431	5732	16625	11590	24189	35817	15822	580883	2897	22096	37529	4382	25922	6373	56130	29810	56111	29895	4828	40725	11462	20955	15882	66016	32556	15329	40914	20178	36384	11285	48064	35007	46383	15493	13929	14350	21801	29217	298929	2585
Limnochordia	1	26	3	13	11	9	31	7	14	16	3	3	5	8	5	10	2	11	1	13	13	4	1	29	2	1	7	23	0	23	9	2	25	4	1	2	2	2	1	8	2	37	7	0	19	2	0	27	3	15	3	39	28	1	2	5	1	3	16	0	13	41	20	23	1	11	55	1	18	21	23	7	2	34	6	6	6	4	0	10	13	18	12	77	7	1	0	8	0	15	0	12	2	9	18	23	19	1	15	6	3	7	1	2	6	3	5	8	0	16	3	0	8	0	2	15	4	7	13	10	4	2	23	2	2	6	14	18	2	17	3	36	16	11	6	19	19	10	1	4	0	7	6	47	25	0	4	9	28	3	15	9	31	3	6	27	11	11	7	2	4	2	3	2	4	22	9	6	10	2	7	5	14	51	1	2	0	17	11	1	16	2	23	10	3	4	9	20	30	21	3
Tissierellia	45	550	111	175	158	169	762	204	257	261	228	22	160	129	97	175	219	216	49	428	461	208	113	781	63	61	173	273	45	499	402	129	1059	45	71	98	83	50	117	237	6	1075	366	1042	262	50	25	541	125	69	28	423	542	21	137	606	48	98	155	50	572	648	104	811	126	277	1998	30	417	515	566	246	37	1013	572	102	53	146	15	374	847	193	239	1016	72	19	51	95	61	287	108	184	270	161	177	910	238	95	208	217	145	100	88	118	215	191	173	235	60	607	74	937	347	24	47	244	62	366	181	525	60	121	760	74	1152	146	207	1558	178	689	21	558	583	218	116	421	209	251	90	99	50	62	271	1528	372	12	34	216	645	71	134	356	219	337	223	464	265	306	1808	11	124	30	120	93	96	205	417	59	334	16	143	178	197	297	73	191	24	612	425	50	306	168	477	214	56	30	385	929	498	683	128
Deinococci	51	511	96	132	147	133	545	213	110	178	72	5	93	145	121	173	94	142	111	204	375	117	77	356	61	119	193	458	42	528	219	65	646	66	43	56	93	78	56	239	31	714	272	67	170	44	21	563	189	76	40	624	469	8	34	319	60	70	224	40	305	330	172	479	31	139	901	47	224	616	364	240	42	626	150	58	91	116	11	190	858	319	112	536	52	32	51	145	79	346	81	220	66	110	221	457	169	100	172	328	143	97	28	142	111	115	44	107	13	164	125	26	212	16	54	207	159	130	191	147	22	192	492	37	135	90	63	362	161	341	15	719	223	162	52	409	235	225	95	192	40	279	138	852	276	16	24	157	624	59	211	267	172	242	164	181	263	106	432	13	107	14	95	106	152	313	272	80	181	10	199	200	174	245	67	82	36	531	253	21	269	66	289	211	40	29	339	742	435	476	69
Chthonomonadetes	7	21	4	29	23	18	40	16	7	25	7	2	4	12	2	10	5	81	8	17	26	2	6	40	2	11	2	25	0	68	32	10	72	13	7	1	7	10	2	14	7	76	9	35	28	3	1	57	6	8	1	80	46	0	2	13	2	3	25	4	43	36	6	52	1	11	123	0	11	80	33	25	2	57	19	3	1	7	0	18	120	27	20	20	6	2	4	25	20	19	7	28	17	10	16	36	20	9	11	13	30	8	5	13	10	21	2	13	4	14	2	0	22	2	8	25	2	9	13	24	1	12	9	2	7	5	7	13	9	53	0	101	30	9	4	33	11	31	8	6	91	2	17	39	12	2	1	9	31	2	76	23	10	3	16	14	27	19	22	3	5	2	16	15	15	20	13	7	10	1	16	22	10	27	2	6	0	56	50	5	18	17	27	25	5	3	21	26	17	26	5
Chloroflexia	12	180	10	32	34	46	111	81	18	53	45	2	26	58	25	26	13	61	13	46	96	15	18	102	15	19	47	63	0	147	58	8	203	15	12	9	15	11	21	22	0	196	109	15	66	10	3	160	18	18	11	279	115	4	14	71	12	17	50	9	123	116	28	155	3	38	277	8	86	150	68	67	9	222	40	16	38	25	2	66	115	69	69	176	14	4	15	43	15	132	11	54	19	30	57	117	60	24	37	45	10	31	2	31	45	45	9	189	9	51	6	7	59	5	13	52	27	34	34	77	8	11	152	8	77	29	17	83	28	146	5	131	77	51	22	75	54	72	36	13	6	9	41	267	81	6	9	52	163	18	20	110	50	42	53	64	77	36	89	6	20	8	23	20	44	70	104	28	27	5	54	54	28	54	11	49	12	121	68	4	106	13	75	30	13	8	53	140	103	134	23
Thermomicrobia	4	10	2	4	7	4	13	10	8	14	4	0	2	3	3	10	2	11	4	3	10	5	2	10	0	0	5	14	0	18	22	2	17	0	1	4	5	1	2	6	0	23	17	0	4	4	0	31	2	3	0	17	17	1	2	0	1	2	13	5	9	19	5	15	0	5	27	1	19	24	7	10	0	35	3	2	0	7	0	7	21	9	5	14	0	4	5	13	2	10	0	7	1	3	5	15	8	2	5	8	2	12	0	3	6	10	2	7	0	5	1	1	13	1	0	0	0	6	13	1	0	3	17	1	3	9	1	12	14	12	0	33	6	6	3	5	4	8	7	1	2	0	8	32	8	0	0	9	16	3	2	7	8	3	11	6	8	10	6	0	1	0	5	4	3	9	15	2	5	2	8	5	7	11	1	6	0	17	2	0	7	2	16	0	0	9	8	25	13	54	2
Anaerolineae	73	546	105	181	157	671	535	341	253	372	156	8	176	155	160	183	175	239	63	320	522	141	49	659	94	110	179	462	19	802	335	116	952	86	113	67	109	74	124	276	9	1354	413	228	305	76	22	839	95	111	35	974	715	13	117	329	59	78	294	44	559	767	215	685	60	222	1812	24	515	697	684	367	65	1078	249	107	69	150	14	406	956	370	255	836	88	14	74	211	51	484	53	342	176	201	286	625	306	330	181	189	127	124	70	168	192	262	99	196	50	391	31	76	542	25	82	241	69	285	275	300	62	101	753	53	269	143	95	766	201	543	27	997	438	213	101	486	270	268	139	104	63	38	214	1543	431	30	37	271	1212	75	152	480	255	352	195	334	398	273	418	20	103	28	136	131	225	392	519	154	210	14	256	231	206	345	67	137	19	909	391	72	412	98	506	220	66	31	325	771	652	724	116
Dehalococcoidia	41	270	42	106	77	118	235	155	127	172	83	11	73	141	101	76	70	160	41	153	204	96	43	334	40	64	58	344	13	404	180	55	572	88	33	61	67	48	58	117	13	502	289	143	145	37	21	426	67	47	14	400	242	5	69	160	55	44	124	25	261	348	74	422	52	111	707	14	202	286	315	175	27	433	106	43	40	81	23	180	519	198	112	325	42	41	46	86	41	251	52	171	121	100	148	360	127	66	86	101	62	48	30	59	110	137	59	116	22	137	26	52	140	31	53	114	28	110	128	140	19	54	242	39	113	84	40	235	105	254	14	507	149	101	64	179	130	148	48	45	47	18	74	761	221	16	22	126	381	72	92	183	130	134	100	166	181	90	301	20	59	20	91	50	83	188	301	97	105	19	94	109	119	199	26	77	11	760	190	33	182	52	196	118	31	30	126	534	327	348	53
Ktedonobacteria	9	65	11	17	11	30	36	35	16	27	20	2	12	27	10	5	5	27	18	31	30	13	15	89	7	3	14	54	21	66	39	2	105	12	4	11	7	8	15	16	1	86	43	6	60	7	2	78	9	12	0	82	37	1	40	23	14	5	19	7	37	26	25	121	6	32	104	5	28	51	43	82	5	73	30	19	8	24	8	27	72	16	32	85	6	17	3	26	15	21	7	22	6	7	19	68	65	12	30	22	59	20	6	12	12	8	16	18	11	34	2	12	24	7	16	30	18	23	12	26	7	1	35	9	18	7	62	37	23	61	3	89	24	8	8	29	15	44	11	14	7	2	14	106	62	2	4	33	63	14	10	42	25	33	14	50	47	20	49	9	14	3	23	11	9	32	75	13	21	0	19	20	16	36	31	16	7	60	39	6	31	42	55	36	3	5	14	63	49	47	6
Caldilineae	3	41	16	22	16	41	79	21	16	16	10	0	12	27	11	12	6	15	3	16	54	12	3	48	3	7	8	38	1	75	25	7	115	10	3	4	12	33	6	15	0	45	22	15	21	6	1	50	7	9	4	80	35	2	4	29	5	3	33	4	33	32	10	37	2	20	93	0	28	99	52	29	1	67	11	19	14	15	1	23	44	25	21	49	8	1	8	14	6	36	2	28	10	22	53	92	17	10	25	11	9	7	7	8	14	4	5	13	3	20	3	4	19	5	7	11	6	16	18	35	3	6	91	1	5	19	11	39	12	39	2	59	39	14	1	60	34	44	8	4	1	8	14	157	17	0	1	26	86	3	14	25	27	11	7	18	45	10	20	4	2	0	28	8	16	32	26	11	10	1	15	18	10	27	0	23	2	56	52	7	34	0	45	19	4	2	18	86	42	57	44
Ardenticatenia	0	9	1	1	1	6	7	4	2	2	0	1	4	7	0	1	1	5	0	6	8	0	2	11	0	0	2	2	0	8	9	1	6	1	0	0	1	1	1	8	0	7	9	0	8	1	1	12	4	1	0	28	14	0	0	19	1	1	4	1	10	7	1	11	0	3	21	0	1	10	7	2	0	7	6	4	0	1	0	4	7	4	2	7	0	0	1	2	1	3	1	4	1	4	10	4	8	2	3	4	0	3	0	1	2	1	1	8	0	5	1	3	5	0	1	3	1	3	6	1	0	3	20	1	4	2	0	9	0	6	0	7	1	0	0	8	7	1	0	0	0	1	4	17	4	1	0	5	17	0	2	23	8	2	7	7	4	3	7	1	3	1	2	1	2	2	6	0	2	0	2	0	2	10	0	1	0	17	3	0	4	0	4	7	0	0	5	2	9	15	2
Thermoflexia	5	5	4	2	3	5	15	7	2	1	1	0	7	3	0	5	2	3	1	4	14	4	1	3	0	0	2	3	0	7	4	1	10	1	4	0	2	2	4	30	0	27	10	9	13	1	1	1	3	1	1	8	15	0	5	4	1	2	4	0	5	9	0	7	0	8	22	0	11	10	9	10	2	5	2	2	0	0	0	11	9	6	4	14	2	1	8	2	0	14	1	5	3	2	3	12	9	1	4	5	0	2	0	6	3	5	1	2	0	2	1	0	2	1	0	6	2	4	10	3	0	1	26	0	6	2	1	13	3	6	0	5	2	1	0	10	2	5	2	1	2	2	2	17	6	0	0	1	17	1	2	5	8	10	3	3	14	5	1	0	0	0	0	0	5	7	6	1	4	0	7	6	4	7	1	3	0	8	10	3	11	0	4	3	0	0	9	12	4	2	1
Actinobacteria (1760)	2121	28544	4796	8169	239873	14703	22634	17324	8875	21673	5223	5078	8363	8084	19688	6930	6499	11011	6983	11057	19787	5150	2249	17217	9014	4782	5408	14808	19688	24807	19855	4863	37811	101011	7236	6882	4720	10983	10028	11562	1991	34712	22272	17686	19654	2745	2857	26455	8445	4951	6729	231003	23348	12302	7244	29968	2706	4508	51519	4997	16948	21130	11208	19763	1320	7086	50494	8587	14824	25520	25778	227097	2068	56959	9933	3891	8746	9080	1683	12773	32380	13315	9301	22579	25762	2022	27002	36914	7080	21525	12560	11890	7641	150772	14968	24948	11513	6774	6284	7791	4267	15040	18721	7961	157393	7509	4024	17486	37926	9095	3400	9656	100423	16280	7025	9517	4002	15807	24918	10889	2357	5929	20717	9120	5918	5309	3711	15746	7152	17372	1999	30341	13541	18312	7258	24738	10212	10585	26850	7656	12122	194120	13566	85487	17172	5585	2018	13494	29108	3382	28984	16037	46332	11760	6873	16088	33214	10020	29709	967	6244	7438	4930	5254	10864	14060	18957	18346	7527	1635	7996	9319	11735	12905	203915	4364	4074	28728	19425	31579	12406	6308	69746	18209	5494	46809	12520	26835	37232	24049	4618
Acidimicrobiia	77	566	65	136	175	185	409	245	160	230	167	21	170	165	209	111	96	191	108	228	359	142	62	493	48	103	113	373	28	549	293	82	844	77	75	74	71	55	76	249	5	793	385	151	255	61	20	661	129	109	17	739	408	2	247	253	37	58	255	40	407	528	194	608	105	164	1080	31	362	624	498	296	47	814	165	56	108	169	14	267	833	227	250	496	71	14	67	292	80	418	51	235	112	172	297	644	246	110	134	187	99	110	64	122	224	210	59	142	22	238	43	51	217	23	102	159	64	178	252	255	27	81	497	67	187	135	73	376	152	473	44	782	272	200	76	369	170	212	111	89	29	27	180	993	322	95	25	187	581	69	92	405	221	217	157	307	382	154	222	6	104	30	118	101	177	301	327	144	152	23	171	209	145	259	40	108	10	728	342	52	351	126	334	178	41	45	182	532	690	563	107
Rubrobacteria	1	69	10	12	20	25	29	20	24	29	11	1	6	7	18	8	9	22	4	26	25	7	6	37	2	11	14	97	2	72	27	8	84	3	5	12	8	4	9	19	0	124	33	0	33	6	1	85	8	14	2	77	73	0	6	27	20	8	34	6	46	42	24	68	1	11	172	0	27	70	52	65	2	142	27	8	18	10	1	24	82	36	17	60	7	1	8	20	6	37	7	29	18	9	28	50	25	13	11	10	1	6	4	17	14	17	4	22	1	13	6	9	16	1	6	10	2	16	15	20	5	3	45	4	8	7	7	37	18	38	2	109	37	9	3	37	20	17	2	8	6	1	10	137	35	0	0	24	75	7	5	31	11	12	17	22	30	16	20	6	6	1	10	5	22	39	28	8	13	0	24	22	16	36	5	19	2	66	34	4	49	3	45	13	4	2	13	105	64	79	11
Coriobacteriia	1613	20282	5955	9463	12402	13021	28753	38133	8469	10220	5531	640	5682	19068	10495	8475	3013	61627	2147	10609	14671	3016	3050	17482	7254	6415	2617	7197	2155	37555	16505	2705	12973	15824	3297	16744	1698	3486	5281	5892	972	46340	15023	991	10155	3184	3099	20482	3306	2308	2315	72668	25395	393	4663	20112	4536	4368	19956	2572	6330	38679	5639	14389	551	13718	44357	5918	6750	37543	21690	331783	5402	43492	8143	2899	3311	3364	763	8225	15537	20792	16392	12233	6474	1233	9639	14323	4708	13736	3313	17990	3591	20705	5900	39569	13517	4614	7433	4867	1829	7174	1766	10377	135457	9006	2202	9369	1667	7391	8273	1604	28825	2440	9908	13249	2163	4577	5141	6410	2122	4148	10413	15176	3221	3546	8965	6393	5473	10911	1474	8941	14311	4150	1803	12981	6223	7302	4500	4437	1679	6250	7450	29122	15075	2692	610	4055	30541	1978	5664	12145	15411	3727	7384	12966	11377	15993	39561	837	4448	3866	4023	5141	25763	7338	20289	6448	4112	1674	10953	21771	4401	11967	33667	2480	4858	9597	14054	3984	15461	12624	28110	11009	3837	3657	9055	38254	38416	13598	2932
Nitriliruptoria	3	48	4	8	13	8	27	23	6	24	10	2	6	17	13	5	6	27	3	11	32	7	7	39	4	15	7	21	3	53	23	2	56	3	6	1	8	7	8	12	0	102	44	38	21	4	0	43	3	10	3	54	35	2	3	26	6	4	24	5	34	46	18	55	1	16	98	2	20	34	33	40	4	67	10	3	1	6	4	32	39	29	7	45	1	9	8	15	6	48	5	21	6	16	25	55	27	6	8	6	3	15	0	10	21	13	5	7	4	14	4	2	23	3	4	13	5	12	10	12	3	17	36	2	8	7	3	33	4	41	6	49	26	12	6	34	20	26	5	2	3	3	20	118	31	1	1	18	92	2	8	21	19	8	16	25	24	21	78	0	8	3	6	8	7	20	31	8	15	5	18	24	19	23	2	5	2	67	30	1	23	11	26	11	6	2	19	27	60	57	8
Thermoleophilia	17	157	16	37	27	67	98	74	55	58	13	2	33	32	63	38	32	72	28	76	82	18	6	95	15	16	44	75	1	139	78	20	148	17	21	13	23	10	14	82	1	185	85	49	75	11	7	200	27	27	9	167	108	4	50	59	20	17	45	18	74	95	48	108	7	38	288	4	80	157	142	67	12	261	57	14	34	37	2	68	146	69	55	133	26	2	11	43	12	109	13	70	18	40	61	101	54	31	23	26	39	28	8	37	45	51	20	32	4	60	5	6	44	9	20	42	14	35	61	60	7	35	115	17	42	26	16	78	29	121	11	177	98	48	8	97	38	40	25	17	31	8	57	476	60	5	6	74	127	20	21	83	58	49	51	46	62	48	40	4	48	6	25	30	47	66	93	43	35	1	47	44	50	59	10	21	7	176	89	5	56	4	107	45	17	14	84	98	183	127	23
Mollicutes	28	4302	3944	11860	5144	1461	33986	519	1310	3705	1457	18	1014	98	42	1991	1266	188	190	9376	13235	393	285	21581	327	27	845	485	144	2140	4016	14116	5913	72	190	696	1604	347	1169	9142	22	11236	8446	10670	8590	39	13	858	14532	162	364	4391	12486	26	196	3761	37	293	1315	632	3431	2158	284	5975	41	3615	14527	33	5332	13552	67097	16362	28	6903	256	137	74	1651	150	4970	6682	2400	3120	78524	58	11	50	261	30	824	75	3313	16522	616	6115	2519	1050	554	1113	479	316	59	44	2423	540	4673	956	986	17	1648	55	72	7543	21	32	2682	27	2465	7986	1432	43	73	6589	76	742	1293	410	6403	20831	22917	18	1924	15696	6032	795	1199	5830	2810	130	295	118	25	206	4985	1146	14	20	2168	2538	4229	5970	14246	300	5266	12105	34696	1873	946	140651	22	494	70	105	2480	441	288	3772	310	12096	45	9503	357	5507	4455	34	4270	21	4579	851	351	636	168	11995	310	552	13	5604	9816	1488	35006	648
Nitrospinia	23	42	2	5	10	14	20	16	30	22	4	1	5	4	9	2	14	24	30	14	27	20	3	37	5	11	9	128	0	113	31	4	70	6	3	5	1	2	8	15	58	115	20	0	17	2	1	55	2	5	13	51	36	0	29	10	1	25	15	1	37	19	25	55	2	11	144	0	48	58	35	18	1	62	35	1	0	18	0	17	35	59	6	46	1	11	5	34	8	16	4	52	24	7	12	32	7	2	13	8	9	3	2	8	22	13	29	18	4	53	3	2	38	1	5	14	2	24	32	24	4	2	48	0	20	5	5	78	7	43	0	55	26	10	4	35	9	25	2	5	3	3	10	87	31	0	1	5	51	33	7	20	13	15	15	25	19	9	26	4	7	1	0	8	6	31	20	4	6	0	6	26	8	16	1	9	1	40	15	1	34	48	17	12	2	2	23	36	41	40	40
Caldisericia	0	0	0	0	0	0	0	0	0	0	0	0	0	0	0	0	0	0	0	0	0	0	0	0	0	0	0	0	0	0	0	0	0	0	0	0	0	0	0	1	0	0	0	0	1	0	0	0	0	0	0	0	0	0	0	0	0	0	0	0	0	0	0	0	0	0	0	0	0	0	0	0	0	0	0	0	0	0	0	0	0	0	0	1	0	0	0	0	0	0	0	0	0	0	0	2	0	0	0	0	0	0	0	0	0	0	0	0	0	0	0	0	0	0	0	0	0	0	0	0	0	0	1	0	0	0	0	0	0	0	0	0	0	1	0	0	0	0	0	0	0	0	0	0	0	0	0	0	0	0	0	0	0	0	0	0	2	0	0	0	0	0	0	0	0	0	0	0	0	0	0	0	0	0	0	0	0	0	0	0	0	0	0	0	0	0	0	0	0	0	0
Candidatus Cryosericia	0	1	0	0	1	1	0	3	1	0	3	0	0	2	1	1	2	4	0	2	3	6	0	1	0	0	0	3	0	1	0	0	2	0	0	0	0	0	1	0	0	5	3	0	0	0	0	1	1	2	0	53	7	0	16	4	0	0	1	0	1	4	0	5	0	0	5	0	4	4	0	1	1	4	3	1	0	0	0	4	5	0	0	1	0	1	0	3	0	3	0	1	0	0	2	1	4	2	0	0	0	1	0	1	0	1	1	0	0	3	1	0	3	0	5	1	0	1	0	1	0	0	1	1	0	3	1	4	1	3	0	2	2	0	1	2	3	2	0	0	1	0	4	4	2	0	0	0	6	1	1	1	1	0	0	1	6	7	0	1	0	0	0	2	0	9	0	0	1	0	2	2	1	3	0	1	0	5	0	0	1	22	2	5	1	0	1	2	3	3	0
Candidatus Peribacteria	1	23	2	10	3	19	10	12	5	7	6	0	3	4	2	27	4	18	3	4	15	6	1	7	2	6	5	6	1	23	25	4	20	0	4	2	5	2	3	6	0	25	40	26	15	0	3	39	3	2	3	30	7	2	22	7	2	3	7	0	8	15	2	20	0	5	17	1	11	24	19	16	4	34	1	212	10	11	1	37	44	5	9	19	8	7	5	3	2	28	2	6	4	8	3	27	24	1	3	12	0	0	2	5	7	5	2	2	0	17	0	1	18	0	4	11	4	24	4	6	1	2	14	2	6	12	1	56	4	54	1	28	14	5	8	2	5	9	3	8	1	0	10	62	17	1	0	8	15	5	17	11	7	22	2	9	153	3	18	0	7	1	1	5	3	12	15	10	3	1	6	12	7	18	3	2	2	31	8	17	14	4	25	26	2	0	7	6	20	28	7
Flavobacteriia	702	3696	678	6748	606	1708	3908	1838	1690	1787	1959	422	817	633	373	1595	1083	2591	2279	1672	1505	2683	975	5142	988	1412	704	1287	355	1664	2147	755	6736	1734	658	248	501	289	248	1009	588	31365	4401	2339	1425	535	1247	3949	1381	334	621	2931	1809	223	4931	2584	172	1762	1066	275	2608	4573	586	8467	1125	1112	5432	337	8530	6486	1876	1176	309	11146	722	1865	2624	1229	299	2648	4295	1263	1803	6412	5618	358	731	979	541	1999	716	1127	1742	4441	1383	3179	1682	2736	1617	2291	1838	710	839	577	1458	732	1874	2952	199	2641	906	1030	1155	562	870	1717	431	2173	1488	4488	1727	1104	2770	1564	1582	571	1332	5778	1119	1928	451	4569	1934	569	1802	1088	876	2610	9755	894	723	455	1431	4136	2528	253	510	3325	1242	894	637	1686	778	2481	1634	2161	3712	1528	8138	728	710	1087	1643	778	522	1224	1502	756	1783	332	2296	1027	592	1447	784	866	228	2517	1917	230	2403	5304	2487	12831	349	208	2069	7173	1700	2697	2240
Sphingobacteriia	425	1323	239	286	338	511	359	519	454	490	651	63	303	185	161	640	665	1197	863	576	491	900	425	1809	334	128	384	277	185	412	833	213	2242	119	274	92	174	156	100	464	183	703	1547	502	452	140	626	1304	654	129	316	1160	729	87	1817	583	107	666	315	286	726	757	113	1502	286	245	1092	268	523	722	552	328	103	1151	137	1063	360	395	130	889	1218	550	547	823	78	270	198	370	184	761	350	511	542	397	450	1208	589	143	298	672	739	87	352	102	522	167	798	786	52	1124	377	404	469	234	200	632	227	759	564	902	845	508	710	58	418	171	408	1382	113	589	93	1274	368	195	548	341	283	1038	87	224	488	242	171	1415	963	118	49	596	345	336	177	456	206	1057	504	758	1415	438	1696	179	158	712	722	137	200	522	467	272	471	174	216	302	164	375	85	452	87	729	769	79	810	1894	671	325	250	108	728	780	555	890	892
Bacteroidia	2254029	1326890	1123407	631576	495792	2365954	1543724	3131331	3055090	3404018	4678339	2503234	1305956	2431302	1953050	4132148	3339438	7973655	6222369	3322965	4134634	3255011	2588473	2593479	3205534	2065291	3895163	359180	1517413	1361703	2566087	1992192	4192779	1895524	2351791	1444575	1222702	1394592	562761	4413779	2578063	3221232	4896004	9225	3077332	1601473	2338266	2371934	3686949	1208198	2450605	2192816	1390419	3514909	8433135	3308476	1336957	3876227	831303	3110201	2438481	3088250	1881692	674226	3053032	421967	2419825	2442924	2242135	1000279	1203387	1820152	2193757	4840404	2610425	5038164	4366372	1637925	2601078	3415112	2077282	3736656	2661130	3768081	1599707	2170531	2353245	1117926	4922190	1936114	1917027	3384325	4929429	1072979	924911	3694357	2502174	701919	644068	3613769	4843378	1249204	4969206	666164	3320536	385660	3956546	11015481	2278901	3561712	6553288	7025383	2079975	1409054	1676114	3057709	3057399	2737237	2971336	1203341	5915233	3365100	1944859	1255028	2983290	844827	2948809	3862958	547323	1759197	2059503	1214149	2995708	3211417	2094055	1596001	954421	3218913	965866	4218705	4686322	7392407	1228910	1788977	4488227	2924403	2000215	2451650	989671	1503450	3674846	1820389	2130784	3828184	374394	3140593	7327123	2676562	651013	2781826	1889903	6316101	1439990	1053162	928690	2126915	1637940	1703288	2147266	2120970	860218	973419	755614	1677158	1327367	1329885	2564292	896906	2045384	1275779	2572576	8848767	1571984	2976347	5766671	2129739	4924396	1367839	1488857	3537806	2475625
Cytophagia	455	1495	319	319	412	758	633	1048	664	697	755	121	408	277	219	934	588	1660	1156	573	634	1135	508	2061	379	178	335	717	200	1043	1211	399	2353	264	343	120	242	238	161	467	361	2338	2023	360	693	226	580	1630	641	188	285	1675	967	84	2087	713	155	653	540	192	1030	880	286	2825	613	368	1869	110	721	1155	715	752	108	1365	326	1021	311	558	196	1324	2270	853	707	990	176	250	366	533	195	1214	373	753	516	457	549	1510	727	167	407	791	1050	196	313	214	837	306	836	1049	148	1207	381	379	681	288	286	755	459	921	878	971	797	701	1097	121	2004	227	540	1690	263	981	232	1799	535	350	748	556	447	1204	181	1163	364	407	348	2183	1244	154	106	879	945	360	289	602	362	1174	511	738	1868	652	1289	228	257	208	821	239	244	738	695	365	537	302	370	371	297	559	111	470	94	1090	928	140	960	2161	845	543	322	92	1111	1442	859	1262	889
Chitinophagia	263	585	197	145	258	284	254	458	408	370	388	92	190	139	121	440	253	996	575	403	260	529	276	1375	276	76	158	236	49	323	560	167	1236	157	238	51	221	88	67	201	166	681	812	134	386	102	355	936	272	42	169	778	468	33	1234	514	74	338	222	67	538	323	105	1166	287	158	771	44	359	505	355	276	51	624	149	684	75	276	94	649	793	449	399	541	37	155	172	239	90	579	208	348	282	195	325	774	335	102	205	400	704	68	195	111	333	138	589	577	55	639	149	192	273	174	203	430	87	437	430	395	438	377	550	39	303	127	283	935	105	465	76	823	305	177	360	254	224	671	63	210	150	87	199	1146	738	56	53	383	410	198	216	299	144	563	283	471	1051	205	749	145	107	267	352	99	108	291	324	200	311	83	131	186	139	285	45	244	37	595	497	37	486	1294	550	216	261	37	537	652	446	715	483
Saprospiria	30	87	56	28	22	132	124	97	115	141	73	4	34	34	24	106	101	249	170	57	109	115	60	119	36	18	33	40	8	126	166	42	173	32	13	12	34	44	12	37	40	226	211	11	80	13	26	188	56	23	36	153	84	3	331	113	7	120	50	10	120	98	30	888	40	54	203	8	108	145	77	62	13	187	48	171	19	55	39	108	276	122	66	146	24	42	29	68	19	119	30	101	199	43	59	118	108	25	81	119	141	6	13	21	95	52	97	54	13	103	71	24	95	10	60	70	21	151	133	71	112	79	178	11	41	29	84	228	28	96	12	164	77	40	80	74	51	101	18	42	257	17	43	239	95	16	13	126	108	48	17	67	33	121	54	114	169	63	111	31	37	3	103	40	37	64	78	32	57	38	69	39	32	68	13	52	9	86	152	34	87	269	71	46	60	4	108	82	117	176	93
Chlorobia	21	84	17	21	23	40	53	36	45	41	20	7	30	19	21	32	25	192	19	33	99	70	20	93	15	15	14	51	6	155	77	17	445	15	7	17	6	40	16	21	14	190	124	59	40	17	5	198	18	17	16	200	80	3	54	39	11	11	48	17	69	112	21	240	3	42	270	4	70	117	122	56	3	114	24	13	22	21	3	46	170	32	21	101	32	6	18	48	11	122	9	40	27	43	35	96	45	24	47	28	45	30	9	17	22	40	20	24	10	71	8	17	192	10	3	18	19	56	23	53	5	25	125	14	35	13	26	70	23	95	8	170	52	23	29	80	38	41	15	16	9	7	17	279	57	5	17	85	119	11	21	115	54	45	24	73	58	47	90	10	29	6	20	28	27	61	88	15	49	5	41	60	30	72	4	37	3	107	63	2	53	17	50	51	12	6	77	81	94	134	19
Ignavibacteria	32	179	27	30	33	91	70	93	89	76	71	4	67	18	22	100	38	116	158	92	113	105	43	306	24	16	35	156	9	154	181	27	325	32	35	10	47	14	17	99	12	226	163	150	129	16	16	165	46	10	25	149	107	5	143	69	7	26	68	40	150	127	33	442	54	48	285	8	148	142	111	79	9	312	58	26	23	60	4	139	264	76	88	222	6	20	15	68	20	107	21	60	65	41	77	166	74	28	50	54	38	16	14	33	85	43	94	104	6	172	14	31	67	9	12	77	17	117	68	107	28	52	162	12	98	38	50	486	40	228	49	288	118	42	56	91	39	189	20	25	21	11	25	377	76	11	5	66	176	50	27	124	29	119	54	146	180	55	402	19	18	13	57	34	170	49	69	38	71	18	35	46	25	47	13	37	6	170	115	26	128	96	156	52	17	3	79	226	154	146	42
Rhodothermia	8	53	69	4	23	6	15	17	10	67	10	2	15	7	5	6	6	16	22	4	12	4	3	56	15	2	6	20	1	62	25	2	300	6	8	2	5	18	3	13	7	46	33	0	7	3	1	79	5	3	3	93	17	0	14	16	1	3	9	1	25	15	25	93	12	2	61	0	13	27	29	14	1	53	0	8	8	10	4	16	20	14	7	26	4	0	3	26	6	44	2	16	5	12	68	26	75	2	4	6	14	1	8	4	23	41	2	12	0	13	1	2	6	3	7	5	0	29	15	5	6	4	40	0	5	5	3	14	22	25	1	49	7	3	7	7	30	38	12	5	3	2	25	77	25	0	4	9	18	5	3	12	16	8	19	57	22	15	4	4	8	5	13	7	2	18	9	14	3	3	7	9	6	5	0	8	1	27	113	2	15	4	6	5	5	0	23	37	51	21	11
Balneolia	11	11	4	3	2	8	5	7	5	19	15	0	6	4	3	11	15	38	13	16	30	37	9	23	2	2	2	12	3	10	14	13	49	6	18	4	8	3	2	5	3	18	48	5	11	0	7	41	11	2	1	65	20	1	11	5	6	8	11	1	40	17	2	76	2	12	31	3	6	17	35	11	3	33	2	4	3	18	1	8	64	6	15	32	0	3	8	9	4	42	11	7	4	0	13	56	16	3	5	3	35	3	5	4	15	5	15	16	4	24	5	2	3	1	7	15	2	17	8	3	6	4	15	2	87	29	8	28	3	46	4	19	41	3	6	7	10	11	5	9	19	7	6	66	24	0	4	12	12	8	9	13	8	19	8	50	2	6	75	0	5	5	7	3	8	6	6	7	5	2	7	11	8	17	11	12	2	24	16	8	16	13	20	24	2	1	10	9	8	22	3
Gloeobacteria	3	17	1	5	9	5	34	10	4	7	5	0	8	4	2	1	11	6	2	10	18	5	2	11	0	0	5	11	1	8	12	4	28	3	2	2	4	1	6	5	1	17	21	2	8	1	0	44	1	2	0	56	15	0	3	13	0	2	11	4	12	20	4	15	0	5	52	3	21	16	58	8	1	25	3	2	4	5	1	6	22	12	3	22	1	0	1	9	5	12	2	14	5	4	8	45	12	7	5	8	1	1	1	7	5	4	1	11	0	7	0	0	6	0	0	6	2	8	15	7	1	9	22	2	45	3	3	13	5	4	0	57	6	4	1	15	22	8	1	1	2	0	3	25	20	0	0	1	16	4	3	10	9	6	6	10	8	8	4	2	2	0	7	6	6	13	6	3	2	0	2	5	10	12	4	4	1	40	6	2	13	12	15	6	2	1	4	15	17	19	4
Candidatus Riflemargulisbacteria	2	2	1	6	1	2	5	9	2	17	1	1	1	0	0	3	0	3	17	1	3	0	0	12	3	2	0	4	0	3	4	2	8	2	2	1	0	1	2	4	0	26	5	0	1	5	0	20	3	1	1	25	10	0	7	16	1	0	8	1	9	2	4	6	18	2	26	2	31	6	6	5	0	12	1	3	0	1	0	10	10	2	4	4	1	0	1	0	0	9	0	1	1	6	4	5	2	1	3	1	0	0	2	3	4	3	2	3	0	7	1	0	4	2	0	3	1	4	1	1	0	0	31	3	0	3	0	8	3	13	6	1	4	1	15	2	4	15	1	1	1	1	3	14	12	2	1	3	8	2	0	2	1	7	7	9	13	5	15	0	0	0	9	1	2	1	5	3	9	0	5	3	5	3	0	3	0	11	10	0	2	1	2	1	0	1	1	2	5	8	1
Candidatus Sericytochromatia	1	4	2	1	4	8	9	5	3	2	2	0	1	5	0	3	2	3	0	9	6	2	2	1	0	2	0	6	0	24	4	1	3	3	0	2	1	1	3	5	0	22	7	0	9	2	0	8	0	3	0	7	4	0	0	4	1	1	5	0	4	6	1	5	0	1	10	1	11	9	5	6	1	11	2	2	0	1	0	8	6	1	2	6	2	0	3	4	0	3	1	7	1	3	15	7	1	1	1	2	0	1	2	1	2	10	3	1	0	0	1	0	5	0	3	3	0	3	3	6	0	0	7	0	2	2	3	2	2	12	0	4	10	3	3	3	1	7	3	0	1	0	2	25	5	0	1	1	11	1	0	13	6	3	4	1	4	1	4	0	1	0	4	3	0	6	1	1	4	0	3	4	4	4	1	2	0	23	3	0	3	2	3	5	0	0	1	6	6	6	2
Candidatus Babeliae	0	2	0	0	0	0	0	0	2	0	0	1	1	0	1	1	0	2	0	1	0	1	1	2	0	1	0	1	2	3	1	0	5	0	0	1	0	0	0	1	0	5	0	15	2	1	0	7	0	1	0	5	4	7	1	0	1	0	0	2	0	0	1	0	0	1	2	3	0	3	3	0	3	5	0	0	0	0	0	4	1	1	1	0	0	0	0	1	0	1	0	1	0	1	1	1	1	0	3	0	0	1	0	2	0	1	0	1	1	1	6	1	2	2	2	0	0	1	0	0	0	0	2	1	1	1	0	0	1	1	1	6	1	1	1	1	1	1	2	0	0	1	0	1	0	0	0	1	0	0	1	0	2	1	1	2	0	1	1	0	2	0	0	0	0	1	1	0	1	1	0	4	3	0	0	2	2	4	0	1	0	0	1	0	0	3	1	1	2	2	1
Thermococci	8	36	9	9	10	22	27	14	8	21	32	2	7	16	3	23	6	21	8	18	23	13	5	65	18	2	9	22	3	53	19	5	66	0	2	2	6	4	5	18	1	60	17	3	14	4	2	86	11	4	5	64	56	0	44	13	1	21	12	4	31	29	3	67	4	19	139	0	17	40	48	28	2	81	19	8	11	16	3	36	83	28	20	50	6	1	5	10	7	57	5	22	12	7	21	58	34	6	11	22	6	7	3	9	14	14	10	12	0	21	5	5	26	1	4	11	5	35	17	133	20	11	38	2	19	4	5	49	10	35	2	94	32	9	6	33	7	32	20	5	17	1	3	206	33	0	1	8	72	7	6	37	13	18	19	46	30	11	66	2	6	1	10	7	8	31	17	6	22	8	22	15	16	43	2	10	0	54	28	8	45	8	36	9	7	2	22	50	37	31	10
Archaeoglobi	1	17	1	2	3	8	6	13	3	5	1	0	0	0	9	2	6	3	0	15	5	5	1	8	2	3	5	8	0	16	13	0	30	2	0	0	1	0	2	5	0	15	17	0	10	1	0	35	6	7	0	36	21	0	3	7	0	1	22	3	12	9	2	10	0	1	17	0	13	21	12	5	0	8	13	0	1	2	0	5	30	15	8	3	0	1	2	2	3	8	3	8	1	1	6	34	18	1	2	4	2	0	0	3	4	1	3	8	0	2	1	11	3	0	0	14	0	3	3	3	0	1	35	7	3	3	3	20	3	12	3	17	3	9	2	8	4	7	1	2	1	0	1	8	5	0	0	3	10	0	0	5	4	5	3	6	15	1	16	0	2	0	1	1	3	7	8	2	0	1	4	2	1	12	0	3	0	8	2	0	12	2	18	3	0	4	2	16	15	14	5
Methanopyri	0	0	0	0	0	0	2	1	0	0	0	0	0	0	0	0	1	0	0	0	1	0	0	3	0	0	0	1	0	1	0	0	1	1	0	0	1	0	1	1	0	8	2	0	0	0	0	0	0	0	0	0	0	0	0	0	0	0	0	0	0	0	0	0	0	0	5	0	1	2	0	1	2	1	1	0	0	1	0	0	5	0	0	0	0	0	0	0	0	0	0	0	0	1	1	1	1	1	0	0	0	0	0	0	3	1	0	0	0	1	0	0	0	0	0	0	0	0	0	0	0	0	0	0	0	0	0	0	1	1	3	6	0	0	0	1	1	0	0	0	0	0	0	0	2	0	0	2	0	0	0	1	0	0	0	0	0	0	1	0	1	0	0	0	0	1	0	0	0	0	0	1	0	1	0	0	0	0	2	0	0	0	0	1	0	0	0	4	3	9	0
Hadesarchaea	0	0	0	0	0	1	0	1	0	1	0	0	1	0	3	0	0	0	0	0	0	0	0	0	0	0	5	3	0	0	1	1	10	0	0	0	0	0	0	0	0	1	0	0	1	0	0	1	2	0	0	0	1	0	0	0	0	1	1	0	0	0	0	1	0	0	1	0	1	1	0	1	0	0	0	0	0	3	0	3	11	0	3	0	0	0	0	0	0	0	0	0	0	0	0	16	0	0	0	4	1	0	0	0	2	0	0	0	0	3	0	0	0	0	0	1	0	1	0	0	0	0	1	0	0	0	0	0	0	1	0	1	1	0	3	1	2	1	0	2	0	0	0	30	2	0	0	0	1	2	0	0	1	0	0	0	6	0	0	0	0	0	0	1	0	0	3	2	0	0	0	0	0	0	0	0	0	1	0	0	2	1	0	0	0	0	0	0	5	2	0
Candidatus Methanoliparia	0	1	1	0	0	0	0	0	1	0	0	0	1	0	0	0	6	2	8	38	0	0	3	1	0	0	0	0	0	0	0	14	3	0	0	1	0	0	0	0	0	24	0	0	0	6	0	3	3	0	0	1	0	0	8	0	0	8	2	0	0	0	1	2	0	0	1	0	0	0	1	0	0	0	0	0	0	0	0	0	0	3	11	0	0	5	0	1	0	5	0	0	0	0	1	0	0	0	0	0	0	0	0	0	0	0	0	47	0	6	0	2	0	0	0	9	0	5	11	0	0	19	0	0	0	0	7	0	0	0	0	8	0	0	0	1	0	5	0	0	77	0	0	0	18	0	0	0	0	0	0	0	0	0	1	0	0	0	1	0	0	0	1	0	0	4	1	2	0	0	0	0	1	0	0	8	0	0	5	0	8	0	0	0	0	0	0	0	0	0	0
Methanobacteria	215	263	100	3951	22	174	1479	283	206	112	75	0	164	52	15	85	83	117	95	141	138	107	59	16027	73	463	1221	461	10	2316	129	361	894	104	42	79	122	161	25	111	3	845	168	348	72	18	6	387	170	26	16	646	61203	30	54	166	92	87	3350	7	303	104	634	1287	40	358	24833	8	573	753	644	10676	20	269	116	31	59	96	6	22823	1378	164	363	266	9	47	259	148	60	152	25	139	501	435	2387	902	82	27	231	239	191	218	98	41	782	328	102	584	17	146	108	14	1438	7	115	281	46	224	210	2363	28	189	847	26	99	121	304	7328	97	910	6	863	357	65	78	823	209	23869	18	67	39	54	413	785	1107	4	16	122	49735	42	202	284	35	9757	265	238	425	64	74152	26	57	78	84	125	141	47	248	394	2725	15	2601	262	88	370	23	61	10	5100	449	100	290	126	487	1802	105	4	3023	763	30692	14662	297
Methanococci	1	18	2	0	0	3	3	3	2	2	5	0	0	0	0	3	22	4	2	9	16	12	8	66	8	0	6	3	0	4	5	23	34	0	0	0	2	3	0	4	0	8	5	5	4	1	0	10	12	0	0	5	10	0	5	1	1	3	4	0	8	9	1	11	2	6	11	4	4	6	4	3	0	25	5	3	3	4	0	11	23	2	5	20	5	0	4	4	4	5	3	1	4	3	3	5	12	0	6	3	11	0	4	4	6	0	4	1	0	11	0	1	5	9	3	8	1	5	5	10	3	0	13	5	4	7	18	29	10	7	0	16	2	1	2	6	8	3	2	3	11	15	3	4	8	0	1	0	2	1	2	4	1	5	2	12	8	9	39	1	3	1	5	0	1	1	5	1	5	0	1	1	3	10	0	5	0	5	21	0	4	2	9	3	0	1	2	2	10	39	5
Thermoplasmata	30	25316	55	57	135	184	263	159	66	108	65	8	58	145	139	66	40	159	29	100	307	75	103	211	84	129	14642	1682	23	4054	357	40	300	22	22	76	49	42	42	100	1	278	222	3	101	67	8	30635	48	30	16	663	164	0	44	141	52	41	4095	8	137	241	2023	9539	6	15564	26098	39	160	33351	407	114	17	244	83	27	53	53	13	11599	328	220	103	422	40	6	37	585	25	268	20	169	96	79	12253	283	122	138	14386	109	76	127	17	58	77	82	677	88	11	88	18	8	118	8	88	113	34	1086	118	203	42	126	16897	54	86	59	45	41993	250	197	1	10536	131	168	62	303	97	135	98	29	20	20	107	5127	238	9	11	156	24482	25	55	184	53	18708	4484	140	2874	112	163	5	57	15	64	51	80	139	195	79	95	0	109	12911	4753	6110	10	64	5	40386	177	4102	197	31	218	103	55	47	161	20638	17143	472	63
Candidatus Poseidoniia	17	88	15	27	12	41	28	32	37	29	34	3	16	6	12	27	29	44	34	93	33	44	7	72	18	5	12	69	4	36	72	8	149	11	13	3	15	14	4	32	5	114	88	15	36	7	10	148	15	11	7	95	72	0	46	38	13	22	55	3	54	47	19	150	8	14	113	8	45	80	118	28	1	128	23	28	18	24	4	68	124	52	30	114	13	7	6	18	2	59	9	27	16	14	18	78	21	32	16	19	63	4	5	9	13	11	20	19	4	55	2	2	30	5	7	29	7	59	42	149	5	15	63	11	6	16	26	231	13	64	5	165	38	16	13	58	19	50	19	3	5	1	15	214	19	2	2	24	114	7	2	44	15	49	16	88	61	20	240	5	6	3	32	6	37	55	57	16	21	5	25	22	37	54	4	24	1	88	54	3	85	74	55	23	7	6	26	109	78	90	23
Halobacteria	68	888	81	216	151	199	559	339	297	337	107	9	220	142	153	169	112	278	104	248	408	129	75	591	100	135	128	347	8	767	329	105	953	94	92	70	127	66	85	260	3	886	445	301	355	58	47	967	92	106	42	963	566	4	119	348	55	78	250	60	449	620	158	633	46	245	1337	33	422	672	601	352	38	1539	173	79	199	150	8	343	826	361	213	644	102	23	84	385	173	667	61	321	132	180	394	520	267	197	233	210	121	114	44	153	292	204	87	142	36	229	19	48	231	45	88	216	59	193	261	410	44	95	559	65	139	111	94	393	147	528	53	1071	460	181	94	421	196	271	100	78	67	64	231	1511	361	61	27	259	841	77	90	424	244	282	266	274	449	229	355	11	127	48	152	130	249	369	377	167	176	29	197	273	197	302	43	132	13	723	373	48	367	110	482	250	49	38	346	567	793	600	105
Methanomicrobia	43	727	129	333	122	208	415	204	558	171	111	5	198	100	81	439	103	215	77	316	309	114	161	410	152	77	3207	681	39	4267	441	113	645	75	63	69	73	70	60	945	4	601	457	173	534	44	27	7137	91	66	74	696	347	5	137	287	36	33	1535	31	330	748	148	1368	27	332	10291	16	236	5160	474	288	15	819	128	210	30	86	15	905	664	315	156	442	77	27	44	1149	29	365	36	270	155	114	12349	413	270	57	246	117	99	140	29	79	463	132	73	161	34	265	6	25	586	17	995	179	30	463	224	228	51	54	17659	47	136	108	90	602	147	262	38	6006	1273	94	90	286	113	296	101	58	64	37	284	1170	330	36	20	116	24244	138	61	233	157	280	3949	240	961	145	226	6	98	10	112	88	149	187	245	83	255	23	901	244	286	507	28	134	40	8857	357	42	366	94	438	138	44	16	222	1166	536	868	101
Candidatus Methanofastidiosa	0	0	0	0	0	0	1	0	1	1	0	0	0	0	0	0	0	0	0	0	1	0	0	0	1	0	1	0	0	0	0	0	0	0	0	0	0	0	0	0	0	0	1	61	0	0	0	0	0	0	0	0	0	0	0	0	1	0	1	0	0	0	0	0	0	0	2	0	0	2	2	0	0	1	0	0	0	1	0	0	1	1	0	0	0	0	0	0	0	0	0	3	0	0	1	8	0	0	0	0	0	0	0	0	0	0	0	0	0	5	0	0	1	0	0	0	0	0	0	0	0	1	2	0	0	0	0	2	0	0	0	2	0	0	0	1	0	1	0	0	0	0	0	1	1	0	0	1	1	0	0	0	0	0	0	0	5	0	0	0	0	0	0	0	0	0	0	0	1	0	0	3	0	0	0	0	0	2	0	1	2	0	2	0	0	0	0	1	0	0	0
Nanohaloarchaea	0	4	0	1	0	2	2	4	1	1	0	0	0	0	0	0	0	10	3	2	0	0	0	0	0	0	0	0	0	3	1	0	3	0	0	0	0	0	0	2	0	1	6	1	1	0	0	1	0	0	0	2	2	0	0	0	0	0	0	0	1	0	0	0	0	1	0	0	1	1	1	0	0	2	0	0	0	0	0	1	5	2	17	1	0	1	0	2	0	1	0	2	0	0	0	0	2	0	1	0	0	0	0	1	4	0	0	0	0	0	0	0	1	0	0	16	0	0	2	0	0	0	1	0	0	1	0	3	0	7	1	0	1	0	0	0	2	0	0	0	0	0	0	1	1	0	0	3	3	0	0	2	0	0	0	6	1	1	1	0	0	0	0	0	3	0	0	0	2	1	0	0	4	1	0	0	0	0	1	2	2	7	0	0	0	0	1	0	0	2	0
Thermoprotei	9	49	4	13	12	6	49	27	19	19	7	1	9	4	12	14	18	19	8	24	25	11	8	55	2	4	5	60	0	44	19	2	76	4	27	8	12	4	3	17	5	64	38	54	18	1	3	48	14	7	5	71	56	0	23	25	5	6	29	1	29	34	23	44	12	28	94	3	30	25	66	14	5	78	32	5	0	14	0	31	89	28	33	49	8	2	16	18	4	29	1	16	14	12	22	70	10	6	22	13	6	3	4	6	11	16	5	100	1	23	2	1	25	3	3	30	2	26	32	16	10	1	55	4	22	14	9	29	18	46	3	101	20	12	6	38	23	23	6	29	10	2	21	142	40	0	5	23	56	9	11	18	11	16	14	32	26	17	39	17	12	2	10	5	5	20	34	9	31	1	23	22	34	33	0	12	0	52	21	1	34	13	38	10	18	1	19	77	48	62	9
Nitrososphaeria	5	11	2	0	11	2	4	28	3	17	11	0	11	9	0	7	6	1	9	10	5	4	0	27	8	0	2	4	4	2	53	6	9	0	0	1	4	2	1	1	2	11	48	10	14	0	1	17	8	2	10	14	19	0	1	5	1	4	0	1	7	5	1	9	0	1	18	0	6	8	17	6	0	37	0	1	48	11	2	14	10	5	21	15	3	0	0	3	2	7	1	1	4	1	3	2	1	5	1	5	5	0	1	1	6	2	4	7	0	6	4	0	2	1	6	16	1	14	16	4	0	16	6	1	6	4	5	26	2	18	1	6	2	0	6	1	3	3	1	0	3	1	1	21	30	0	0	3	11	0	1	4	4	10	4	2	8	5	19	4	2	0	5	3	3	10	7	8	1	0	1	0	2	5	1	9	0	4	7	0	10	1	24	11	25	0	5	1	9	3	0
Candidatus Methanomethylia	0	10	0	0	3	0	0	4	0	0	0	0	0	0	0	0	0	1	0	0	1	0	0	2	0	1	0	1	0	1	4	0	15	0	0	0	1	0	0	1	0	4	13	0	1	0	0	3	0	0	0	0	2	0	4	1	0	0	0	0	1	2	0	0	0	2	1	0	11	4	1	0	0	0	0	0	1	1	0	2	3	0	2	0	0	0	0	0	0	1	0	1	0	0	0	2	0	0	0	1	0	0	0	0	1	1	1	2	0	0	0	0	0	0	0	1	0	2	0	1	0	1	0	0	0	0	5	1	2	4	0	0	0	1	0	0	1	0	0	0	0	0	0	4	0	0	0	1	2	1	1	7	18	2	6	0	1	0	17	0	2	0	0	0	0	0	3	0	0	0	1	2	0	2	0	3	0	1	4	0	0	0	0	0	0	0	0	3	0	1	0
