ERR2840913	ERR2840898	ERR2840915	ERR2840901	ERR2840908	ERR2840936	ERR2840926	ERR2840892	ERR2840903	ERR2840906	ERR2840893	ERR2840925	ERR2840934	ERR2840910	ERR2840940	ERR2840924	ERR2840894	ERR2840937	ERR2840897	ERR2840914	ERR2840890	ERR2840928	ERR2840922	ERR2840911	ERR2840929	ERR2840912	ERR2840888	ERR2840923	ERR2840916	ERR2840909	ERR2840939	ERR2840895	ERR2840917	ERR2840938	ERR2840896	ERR2840889	ERR2840900	ERR2840904	ERR2840941	ERR2840919	ERR2840902	ERR2840942	ERR2840921	ERR2840935	ERR2840899	ERR2840932	ERR2840930	ERR2840933	ERR2840905	ERR2840891	ERR2840927	ERR2840931	ERR2840918	ERR2840907	ERR2840920
Negarnaviricota	1	0	0	0	0	0	0	1	6	0	0	3	0	2	0	0	6	0	0	1	3	0	1	0	0	8	1	2	0	2	1	0	2	0	3	0	3	0	0	1	4	1	1	2	0	0	0	2	1	0	1	0	0	1	0
Chordata	175	296	713	411	122	841	789	523	300	529	148	691	658	325	377	199	704	544	218	378	565	765	981	336	901	684	328	806	310	89	769	595	794	723	375	524	464	255	934	1154	413	778	771	1129	306	672	1183	515	77	141	734	935	519	218	641
Chytridiomycota	49	71	185	37	76	228	244	199	79	170	51	261	165	87	30	90	195	129	118	84	154	164	223	52	175	134	108	336	182	14	197	141	179	91	79	90	139	63	316	268	190	181	338	138	121	134	216	143	46	53	221	305	73	80	154
Microsporidia	55	62	87	54	29	196	1558	68	85	256	48	277	182	76	86	43	262	92	102	89	313	245	162	87	164	198	115	187	14	22	115	47	377	112	141	62	236	69	185	169	284	192	171	117	62	158	145	63	37	24	319	203	123	49	81
Blastocladiomycota	1	12	41	2	0	34	26	9	5	33	0	57	40	6	6	4	33	32	26	14	52	2	45	3	11	9	22	11	12	3	6	15	60	11	8	5	24	3	28	14	14	70	93	37	11	45	11	24	4	13	12	49	19	23	8
Cryptomycota	4	1	14	1	4	22	18	17	3	1	2	5	14	1	3	1	4	5	3	0	3	0	11	8	3	1	3	1	0	0	8	24	4	6	1	6	6	8	1	2	13	6	6	2	0	5	1	2	1	1	3	32	0	8	1
Mucoromycota	492	888	1332	474	286	2680	2169	1112	879	1307	165	1318	1125	877	1342	417	1107	1563	442	673	1632	1920	2313	546	2668	1593	726	1505	550	177	2197	1051	1660	2078	937	553	1443	576	2067	1972	1175	1738	1684	1920	586	2410	1650	1410	366	554	1337	3387	636	414	1294
Zoopagomycota	95	286	499	201	87	655	529	438	238	308	109	628	488	216	270	212	459	326	180	235	746	367	803	230	861	406	228	776	186	60	693	418	381	746	274	118	382	172	625	856	255	514	621	546	182	602	564	469	35	154	500	997	331	116	475
Ascomycota	5229	7214	21226	9705	3146	26333	22826	13468	7107	17524	2297	29060	15976	5682	13769	8261	22705	18237	15071	13282	27257	18872	24870	3509	25798	11316	12376	26620	8343	3532	21314	15382	21140	20613	6360	6705	17371	5349	28633	22996	27006	35315	37250	20936	8649	20341	19802	14674	4713	8340	22015	29196	11203	8698	14257
Basidiomycota	1497	1922	5339	2298	851	8059	5993	3689	2493	6832	1310	7262	4786	1895	5140	2296	5973	4874	3592	3212	6629	7177	7306	1214	8348	3648	2982	7451	2164	890	7453	4491	6076	6480	1756	1532	3964	1558	9477	6343	5699	8525	9525	6036	2468	6226	6093	4295	1177	1528	6672	8855	3077	2177	4120
Proteobacteria	42687	113131	146599	128754	23849	307341	2125432	233225	295036	242102	83649	397704	709620	163729	210685	915138	305228	249986	449457	95208	198632	224484	107964	137281	484639	322867	297421	985397	1074134	1283440	219252	216787	44741	262588	93885	89659	75971	207742	332952	459478	202122	433681	217519	293516	211353	616555	411146	386995	403027	411345	492932	401681	194937	118270	568352
Fusobacteria	189	537	577	245	9390	455	810	1040	2303	832	135	2258	387	51915	425	150	439	428	367	319	891	418	2031	9159	62437	559	824	1086	199	212	330	308	1261	41479	17099	129	1065	1472	4896	1513	487	615	540	289	343	401	481	459	33920	6712	711	6262	326	230	549
Nitrospirae	55	148	572	54	26	341	386	264	160	176	34	546	205	110	330	168	459	306	303	201	236	382	331	41	277	183	264	582	134	74	241	250	268	288	150	78	315	72	257	511	471	395	614	239	146	304	119	200	38	52	289	421	112	149	348
Acidobacteria	497	543	2507	809	63	1365	1813	993	350	1561	152	3116	1234	191	531	632	2551	1229	2150	1144	1466	995	1584	129	1455	639	1392	1591	786	311	842	1357	1398	1239	426	559	1916	328	1435	1037	2936	2390	4650	1411	743	1004	1116	1132	293	268	1881	1762	802	1095	816
Dictyoglomi	0	0	1	0	0	11	10	0	0	15	1	2	4	21	1	1	1	15	0	8	38	0	8	1	6	6	25	5	6	0	4	1	1	1	12	1	0	0	24	1	3	49	2	0	0	0	0	0	1	1	6	2	0	1	1
Elusimicrobia (74152)	96	128	404	210	25	40613	327	280	58	199	52	564	223	64	435	102	438	65278	311	169	337	65	8964	36	212	137	162	265	258	60	225	185	252	285	144	180	341	92	312	198	484	410	44025	196	124	270	324	266	55	43	341	85901	144	197	180
Aquificae (200783)	4	9	34	4	5	19	90	73	17	19	3	53	18	23	8	10	32	21	10	14	14	21	77	12	33	10	16	48	8	5	16	12	19	24	22	7	5	33	33	43	25	33	54	14	29	14	12	12	2	212	57	34	11	7	22
Thermotogae (200918)	52	71	220	23	29	121	180	108	85	114	24	145	45	144	104	34	215	97	86	57	80	128	444	28	89	108	137	147	102	16	63	129	291	142	122	82	179	63	112	118	121	256	242	69	60	77	92	105	29	39	196	182	73	76	132
Deferribacteres (200930)	14	47	42	17	6	56	100	81	6	39	4	77	25	8	19	42	63	21	34	25	41	58	109	10	45	63	24	213	14	6	35	32	64	49	22	17	16	20	46	34	46	33	112	112	28	27	31	18	7	6	69	64	18	19	29
Chrysiogenetes (200938)	1	6	23	1	1	6	8	10	1	5	0	9	5	2	25	2	11	6	9	15	6	10	6	1	4	1	1	2	8	2	1	6	36	4	7	6	8	3	4	1	15	9	29	6	3	2	7	7	4	1	1	14	7	12	2
Thermodesulfobacteria (200940)	6	6	10	4	8	14	23	19	5	2	7	13	15	2	0	3	12	11	9	5	4	15	21	4	12	3	3	52	15	6	7	14	20	17	0	9	12	10	2	19	10	25	45	13	11	31	3	5	34	3	29	8	11	11	7
Spirochaetes	351	468	2168	314	265	40764	1920	1607	688	1150	162	2388	1220	453	934	438	1880	1640	895	774	991	582	68992	348	2362	1375	927	14890	644	183	1137	1461	1823	10838	675	621	1265	477	11630	1713	1827	2014	90247	1026	763	1169	846	1139	243	863	2203	3146	683	689	1120
Synergistetes	56	173	3071	47	34	141	4750	177	44	159	34	10870	147	30	183	57	420	146	1379	159	559	48	500	20	212	117	9269	104	93	76	156	243	441	474	1470	58	261	43	185	124	460	237	1970	188	125	57	314	106	1366	44	2456	191	135	160	163
Calditrichaeota	8	34	60	2	2	7	18	17	6	18	0	41	3	10	10	5	22	7	23	7	11	0	28	3	17	7	6	2	3	3	3	8	12	8	9	5	4	4	4	7	21	5	37	20	5	14	16	12	1	3	30	34	2	6	8
Coprothermobacterota	0	0	0	0	0	5	0	2	0	0	0	1	0	0	0	2	4	0	1	0	0	0	2	0	2	0	1	15	0	0	0	0	1	0	1	0	0	0	0	0	5	3	2	1	0	5	0	0	0	0	4	2	0	0	1
Candidatus Omnitrophica	35	65	162	35	54	149	172	164	35	98	5	276	69	50	144	44	183	115	112	88	81	21	157	22	167	180	99	184	111	29	83	121	82	132	65	69	87	66	112	102	279	201	296	112	79	109	103	123	27	49	207	180	42	83	82
Verrucomicrobia	1850	19693	243311	2909	15424	1301	2190	120456	38933	1850	45145	386899	19272	609	938	492	7861	1392	306921	14177	2205	694	1978	174	1670	12364	312326	1316	95082	32463	1330	186525	1194	1440	4106	20295	15105	6642	1604	1196	133387	52087	85772	920	5366	939	2014	1968	9746	1471	31991	4492	177680	6521	1185
Kiritimatiellaeota	0	8	10	1	1	5	9	19	1	13	0	15	1	0	1	2	0	6	8	5	3	1	2	0	1	1	16	0	3	0	1	17	13	1	2	2	9	1	18	4	13	33	47	2	1	3	1	0	0	5	5	2	13	1	4
Planctomycetes	278	353	1357	418	80	1008	1137	716	216	896	92	1986	792	167	427	435	1697	787	1186	620	973	211	1015	102	768	546	852	742	568	162	319	921	835	836	262	242	996	221	1191	833	2043	1622	3219	894	459	508	679	711	197	193	1418	1125	757	802	565
Chlamydiae	32	38	360	114	19	470	969	84	98	538	29	243	131	62	504	563	190	106	69	145	214	429	1262	39	986	202	260	721	34	45	287	56	818	285	41	230	239	42	639	1110	2742	316	333	236	65	1895	143	922	51	264	226	236	198	45	2473
Lentisphaerae	32	138	3357	37	27	825	310	172	43	133	23	15885	3054	81	71	127	1600	1078	623	226	261	49	611	12	238	2956	146	278	8149	33	2715	50994	284	12628	52	1151	249	44	153	139	446	1959	75879	15388	144	347	125	175	93	66	493	7244	57	113	160
Candidatus Marinimicrobia	23	26	57	42	13	144	61	100	26	79	12	51	13	11	34	34	89	57	80	36	7	22	98	16	63	13	18	135	27	5	60	67	153	28	35	15	39	16	54	38	52	51	105	27	17	35	22	35	45	19	59	116	26	14	12
Fibrobacteres	141	96	365	62	19	504	229	185	72	402	42	439	212	48	92	255	358	331	188	211	307	375	516	18	533	135	152	663	99	40	393	206	204	417	57	70	268	51	483	362	483	435	568	263	145	338	345	507	57	87	346	466	89	236	257
Candidatus Latescibacteria	12	13	72	5	0	30	56	20	37	35	4	54	34	7	22	37	70	51	49	30	118	6	69	159	123	20	50	122	18	22	74	32	162	19	23	23	72	16	79	85	115	46	112	63	20	12	117	23	18	4	68	39	18	45	37
Gemmatimonadetes (142182)	131	152	666	81	37	315	440	257	100	403	39	749	311	25	136	91	655	334	594	330	339	222	402	25	357	151	415	233	262	53	242	414	239	212	98	133	438	69	444	226	749	626	1243	420	161	166	278	191	87	56	404	392	256	262	209
Candidatus Hydrogenedentes	8	5	28	5	0	6	116	7	6	24	1	35	11	0	1	0	26	5	29	20	22	2	26	0	45	22	18	6	13	0	15	5	10	7	3	3	24	6	0	5	28	46	127	12	4	5	5	2	1	4	37	18	5	8	7
Candidatus Cloacimonetes	8	45	125	5	3	104	42	40	14	105	10	37	43	11	41	22	89	40	44	19	346	19	83	8	131	23	67	181	24	16	25	34	38	27	25	9	89	8	113	110	49	50	85	33	15	78	68	57	19	57	72	147	20	44	41
candidate division Zixibacteria	6	5	48	6	50	42	66	36	11	30	0	139	55	6	10	9	80	28	48	34	50	189	63	9	88	9	36	11	17	4	32	24	85	32	12	14	41	46	16	37	85	70	88	41	25	9	9	57	12	14	36	70	24	20	23
Candidatus Fermentibacteria	4	3	6	1	0	20	1	1	0	3	0	3	0	0	1	2	57	2	5	9	7	3	1	0	1	2	6	0	1	1	0	0	2	0	17	0	14	0	2	0	40	3	10	0	1	2	0	2	4	0	10	4	18	20	1
Candidatus Kryptonia	0	4	6	12	1	13	45	6	21	33	2	29	7	6	5	0	11	5	2	5	1	2	29	2	9	7	19	4	10	0	3	2	20	20	3	4	3	3	34	3	3	20	6	9	2	6	2	35	2	0	9	13	2	6	2
Firmicutes	5289753	4121063	7697944	11072970	5496469	3327460	6519074	7150134	8288033	4653843	5815883	5012553	3486829	4189152	5385622	1314356	6578200	4721632	5281647	7999091	8823827	3519782	4409624	6750275	4867588	9928311	6236409	2518446	4149405	3930491	3606511	10099408	12223760	3869779	3852235	3921491	13191313	5306207	4068049	2817997	7473407	8733293	3577370	5078963	8969300	2015769	5407357	7227033	3734811	6442060	7681888	5188419	5358590	6295254	4218532
Deinococcus-Thermus	88	129	497	119	11	161	323	160	51	187	19	631	210	18	72	106	525	231	518	205	274	97	242	11	181	125	283	203	164	43	114	251	256	115	53	107	431	55	119	99	663	456	871	269	175	124	288	201	48	55	403	319	198	251	103
Armatimonadetes	45	83	275	29	11	78	181	91	27	105	22	406	113	11	51	45	316	147	214	142	192	26	158	27	121	58	132	111	91	25	141	161	195	102	86	201	248	36	197	110	345	217	623	133	75	38	126	115	46	47	267	161	73	120	68
Chloroflexi	564	734	3360	549	160	1303	2252	1569	534	1580	390	3964	992	291	652	634	3318	1221	2536	1399	1481	700	1920	159	1235	835	1532	1565	1251	292	967	1830	1678	916	412	639	2355	424	1272	1327	3836	2669	4681	1489	833	712	799	1131	328	414	3203	1988	940	1387	1032
Actinobacteria (201174)	45276	453861	383886	111664	162304	113451	1606894	30962	262994	533510	664588	607684	55297	38587	80168	107436	73994	101370	513726	57092	504206	32011	87439	180678	74604	86943	400035	276208	398973	892160	54052	160658	829067	50278	156602	115326	1475320	179545	118777	234262	681553	162345	509123	91617	274918	93167	117936	124264	874377	381684	180264	161563	595972	316385	439081
Tenericutes	116	135	224	159	39	371	692	401	177	157	61	1537	191	220	204	80	265	1201	90	561	244	118	6836	131	360	247	175	330	235	50	336	216	1301	2899	197	160	225	140	128	348	3045	1914	5226	370	124	364	163	437	67	580	821	5674	254	121	406
Candidatus Eremiobacteraeota	24	31	157	20	2	30	107	73	14	43	8	176	42	2	22	32	123	74	89	72	70	16	58	4	62	20	85	73	59	9	33	93	24	106	16	35	100	11	34	15	108	127	364	63	46	24	149	78	22	12	100	84	38	77	20
Candidatus Dormibacteraeota	38	39	139	39	0	38	101	49	35	40	3	160	35	6	12	8	163	69	135	48	56	14	64	13	57	33	171	38	52	15	27	61	54	24	13	27	99	16	38	29	318	88	272	66	47	21	72	43	20	7	99	61	62	100	23
Nitrospinae	8	11	90	13	6	27	49	51	16	40	3	80	13	19	36	16	44	137	52	25	46	14	96	1	28	16	31	78	21	19	16	54	56	120	29	27	70	24	17	28	108	49	144	37	23	13	19	25	8	11	99	106	9	20	29
Candidatus Tectomicrobia	4	9	22	1	0	2	33	7	5	7	0	71	14	0	9	5	19	3	19	10	0	3	15	0	6	5	5	0	2	0	1	2	4	1	5	1	9	0	2	7	19	16	24	14	5	1	6	2	0	3	25	21	5	2	6
Caldiserica	2	0	6	3	0	6	17	9	1	3	0	50	3	6	0	1	5	3	5	3	9	0	3	0	2	7	4	2	2	0	3	4	1	1	2	1	4	1	1	0	23	3	7	3	3	1	2	4	0	7	1	7	0	2	0
Candidatus Cryosericota	3	0	4	0	0	64	7	4	1	8	0	3	1	0	2	18	9	5	3	3	0	1	6	0	1	2	4	82	1	3	2	3	8	0	0	0	5	3	2	5	3	1	5	23	4	2	1	0	0	0	2	6	0	1	1
Candidatus Bipolaricaulota	2	6	44	0	0	20	32	22	7	8	0	64	11	0	5	2	27	5	21	24	29	4	23	0	10	9	15	10	6	4	8	23	25	1	3	5	19	2	2	4	29	22	57	18	4	2	24	7	2	5	21	10	1	5	8
Candidatus Aminicenantes	15	35	270	5	1	53	98	36	14	57	63	156	78	7	24	17	158	45	96	72	163	23	73	4	109	35	70	43	37	10	120	127	65	72	17	32	133	30	46	52	143	139	193	89	58	44	109	75	12	36	157	120	54	56	50
Candidatus Atribacteria	10	8	25	8	4	43	34	22	6	23	2	33	7	26	7	5	18	40	13	7	32	3	125	9	45	13	8	23	6	0	29	8	138	19	23	8	19	6	19	29	22	24	23	12	11	7	25	6	0	8	24	38	49	10	40
Candidatus Saccharibacteria	50	330	147	97	72	387	211	135	206	145	106	225	187	344	333	38	100	370	127	60	185	520	139	39	338	175	159	150	131	274	254	322	136	175	468	15	130	257	232	170	211	415	128	1747	56	438	141	140	163	72	85	519	121	227	237
Candidatus Sumerlaeota	0	0	8	0	0	12	7	1	1	4	1	7	9	0	11	13	28	4	1	1	1	2	36	1	8	1	5	51	2	0	0	1	10	0	2	0	1	2	5	20	1	12	30	6	3	1	1	4	0	0	6	3	0	2	2
Candidatus Poribacteria	28	9	41	12	6	52	53	65	22	96	11	47	42	10	14	26	49	67	19	24	17	85	110	40	56	20	14	49	16	13	36	32	59	28	13	198	40	15	74	89	62	57	74	50	13	67	79	93	8	4	68	164	19	14	48
candidate division WWE3	10	14	30	12	4	9	24	30	5	11	2	27	7	12	2	3	17	9	6	11	14	6	15	5	27	7	9	45	6	4	11	10	53	11	15	5	11	19	9	8	22	21	39	18	3	34	33	23	15	22	31	23	10	13	8
candidate division NC10	0	2	14	1	1	0	9	4	5	8	1	7	1	2	0	2	3	4	6	10	11	0	5	1	3	1	0	12	2	6	0	4	4	0	3	4	19	2	0	8	5	5	10	11	1	2	1	5	3	4	16	12	7	0	5
Candidatus Calescamantes	0	0	0	0	0	2	9	0	2	1	0	7	0	0	0	0	2	3	0	0	0	0	1	0	0	0	5	0	0	0	1	0	3	2	1	0	0	0	0	0	1	1	3	0	0	0	0	0	0	1	1	2	1	0	0
Candidatus Berkelbacteria	170	7	27	2	3	33	29	5	2	77	3	21	23	2	9	20	30	14	6	2	8	4	36	3	27	8	10	92	11	17	2	13	16	9	21	5	10	5	55	48	13	19	57	76	9	11	12	2	2	8	13	38	3	4	9
candidate division CPR1	0	0	0	1	0	0	5	0	0	1	0	2	0	0	0	0	0	0	0	0	0	0	1	0	0	0	0	1	0	0	1	0	0	0	2	0	1	0	0	0	0	1	1	0	0	0	0	0	0	0	1	0	0	0	0
candidate division CPR2	1	2	0	0	0	2	2	25	0	2	1	1	0	1	0	1	0	0	0	1	0	0	7	0	37	0	1	7	0	0	0	1	25	0	0	1	3	2	0	2	5	1	2	1	0	2	4	0	0	1	2	6	1	2	3
candidate division CPR3	1	1	0	1	0	0	0	1	0	2	0	0	1	0	0	4	4	0	0	1	0	0	0	1	0	0	2	2	1	0	0	0	0	1	0	2	4	1	1	0	1	6	3	2	0	2	3	0	0	1	2	9	0	0	0
Candidatus Peregrinibacteria	4	19	56	21	5	90	61	34	30	66	4	67	42	8	8	20	63	39	38	20	20	166	173	13	162	36	48	81	17	17	68	40	44	56	18	17	39	24	27	30	53	56	94	67	23	108	57	26	14	23	90	167	6	27	23
candidate division WOR-3	6	17	57	41	1	15	23	29	14	14	1	92	24	8	27	3	21	25	22	49	26	16	27	4	41	36	15	9	12	2	26	8	45	20	34	18	19	17	69	26	29	76	81	16	5	8	14	21	7	9	36	30	28	7	37
Candidatus Rokubacteria	77	67	329	60	10	95	344	130	37	122	51	416	152	15	71	62	439	106	354	183	155	60	195	9	176	98	260	96	93	58	75	206	145	103	27	76	321	44	43	90	544	318	1000	204	121	33	104	116	43	36	347	191	127	206	113
Candidatus Dadabacteria	1	9	25	3	17	21	19	33	7	9	1	18	11	7	3	4	18	6	17	3	8	3	29	10	7	1	4	7	5	0	5	28	126	16	5	0	7	4	2	29	29	14	59	14	4	5	2	11	5	10	13	29	7	4	11
Candidatus Abawacabacteria	0	0	2	0	0	0	0	0	0	0	0	0	0	0	0	0	4	0	0	1	0	0	0	0	0	1	0	0	1	0	0	0	1	0	0	0	4	0	0	0	0	0	0	0	1	0	0	0	0	0	0	0	0	0	1
Candidatus Coatesbacteria	0	4	25	0	0	1	3	0	1	1	0	10	0	0	1	1	16	8	9	4	11	0	2	0	7	1	0	0	4	0	4	8	3	1	2	0	3	0	8	0	7	4	4	5	0	0	1	2	0	0	20	4	13	12	1
Candidatus Delongbacteria	1	0	3	0	0	1	12	0	0	6	0	7	0	0	5	0	3	1	1	0	1	0	7	0	1	0	1	99	0	0	1	0	6	0	12	1	0	2	0	9	9	1	13	1	1	4	0	2	3	0	2	4	2	1	8
Candidatus Doudnabacteria	1	0	8	1	0	18	17	2	0	12	2	13	8	2	41	14	25	37	8	5	2	38	17	1	17	20	4	11	9	0	35	4	11	20	2	1	5	2	9	72	7	76	16	6	2	10	3	2	2	0	44	31	19	5	31
Candidatus Edwardsbacteria	0	2	11	3	0	8	2	4	0	0	0	2	1	0	0	0	2	0	1	0	0	0	18	2	0	0	0	0	0	1	0	2	2	4	3	1	0	0	0	0	3	1	9	2	3	0	26	2	2	0	0	3	0	3	2
Candidatus Eisenbacteria	15	14	86	12	2	16	60	51	9	9	3	122	28	0	5	6	102	21	93	20	32	6	41	1	11	21	60	7	20	9	28	26	29	13	6	12	53	6	11	12	129	68	198	52	24	15	10	22	9	9	76	62	28	39	14
Candidatus Firestonebacteria	3	2	4	3	4	16	13	5	3	1	109	20	6	0	13	15	18	17	4	10	2	156	57	0	5	4	4	30	1	1	10	4	8	8	2	2	4	5	15	13	11	13	20	19	10	3	4	3	1	0	10	42	4	22	16
Candidatus Fischerbacteria	2	3	5	6	1	1	5	0	0	0	1	5	3	0	1	24	13	3	10	1	0	0	2	1	8	7	0	26	4	0	5	2	13	1	6	3	2	0	3	10	11	2	9	0	6	3	17	121	1	0	3	8	2	1	16
Candidatus Fraserbacteria	0	3	1	0	0	0	0	0	1	5	0	1	0	1	0	0	3	2	4	2	0	0	3	0	1	2	1	3	2	1	0	3	2	1	1	1	2	0	0	0	4	4	4	0	2	3	0	4	0	0	5	1	0	4	0
Candidatus Glassbacteria	0	0	2	0	0	0	0	0	0	0	0	0	0	0	0	0	2	1	1	1	1	0	0	0	0	0	0	0	0	0	0	0	0	0	0	0	1	0	0	0	3	0	0	1	0	0	0	0	0	0	1	0	0	2	1
Candidatus Handelsmanbacteria	4	9	17	1	0	6	20	20	3	1	0	28	4	0	2	1	15	14	22	7	15	3	16	1	5	6	25	11	19	2	3	4	17	3	1	3	45	2	3	0	71	21	29	14	10	1	4	5	0	9	41	13	23	16	8
Candidatus Lindowbacteria	3	2	11	0	1	1	9	17	3	1	1	6	1	0	0	1	17	4	14	15	0	0	3	0	7	19	7	0	2	0	0	51	1	3	1	1	4	0	2	0	5	2	21	3	1	5	3	1	1	1	11	8	2	1	6
Candidatus Raymondbacteria	1	25	44	1	0	5	7	2	0	0	26	11	2	0	4	3	49	2	2	3	38	3	3	5	4	4	1	5	5	3	13	29	7	6	0	1	4	0	8	4	6	9	9	5	7	0	1	3	1	8	10	7	13	11	1
Candidatus Riflebacteria	2	9	39	2	1	6	9	8	6	8	1	13	20	0	2	0	25	16	23	4	9	4	9	0	5	4	31	3	0	0	67	17	8	40	5	2	7	5	5	2	20	13	23	33	9	1	3	9	2	2	4	15	6	6	3
Candidatus Schekmanbacteria	8	7	17	2	6	14	40	7	3	6	1	11	0	7	80	8	2	3	4	3	15	1	18	2	14	3	5	37	6	0	16	7	42	21	3	5	3	5	5	21	17	6	40	2	6	41	3	3	1	3	13	56	8	3	17
Candidatus Wallbacteria	4	5	22	5	1	7	15	19	0	9	0	18	2	6	1	1	20	10	7	12	8	3	6	0	6	9	7	6	5	0	1	6	7	21	4	3	16	4	15	3	24	18	16	15	2	2	7	2	2	2	10	15	4	17	15
Candidatus Wirthbacteria	0	0	2	0	0	16	3	1	3	5	0	1	0	1	1	2	1	2	2	0	3	0	1	0	0	3	1	50	1	0	5	2	13	9	0	0	0	0	2	18	8	1	3	4	1	18	2	8	0	0	5	6	0	2	0
Candidatus Desantisbacteria	3	2	11	2	4	5	13	6	3	8	0	9	20	16	2	2	3	6	9	4	5	3	18	5	45	8	4	24	2	2	0	4	50	8	7	1	3	3	18	21	16	29	17	4	3	4	13	5	2	6	19	18	2	7	9
Candidatus Goldbacteria	2	5	6	30	1	2	0	30	5	5	1	5	3	0	3	0	1	4	1	9	3	0	4	0	13	14	11	5	0	0	1	1	4	9	1	2	8	3	10	0	13	8	11	6	4	2	5	7	0	1	4	10	1	1	0
candidate division FCPU426	1	3	30	1	0	15	63	30	1	18	0	30	28	40	10	2	21	3	14	7	6	1	15	0	5	4	5	24	0	1	9	7	13	19	3	7	7	0	35	36	28	12	44	5	2	4	2	18	3	1	29	11	4	8	13
Bacteroidetes	5117761	6202083	3509789	5472331	8902720	5287056	477284	4151541	3658685	4764977	3556279	1273592	4503873	4246266	9029471	3221947	3237398	5252627	1976643	4919641	4547413	8673283	2481464	9599574	6467353	3369351	2747641	5367098	4910256	3625009	7600887	6539774	1976848	7107850	3712269	4114976	4183462	3992316	6874855	9760362	3337302	5191395	1257268	3100960	3463406	5263883	4520631	6302210	8385389	3211687	2418045	6108419	3211096	3178263	4485753
Chlorobi	20	14	101	22	48	55	97	109	16	75	6	272	69	15	39	25	104	75	95	49	46	6	139	6	86	84	51	67	28	4	86	78	70	145	32	21	37	46	87	62	75	118	189	110	39	29	59	52	18	26	97	56	24	42	68
Ignavibacteriae	42	67	324	83	32	320	239	268	60	208	93	356	160	62	115	108	238	184	129	142	273	42	477	45	419	123	97	307	96	92	173	146	261	266	100	60	141	74	720	483	284	858	400	148	98	287	374	239	47	58	316	336	128	108	255
Candidatus Kapabacteria	0	8	20	0	0	4	20	9	5	6	0	16	3	2	4	3	17	6	11	5	21	1	11	0	5	1	6	1	10	2	0	17	10	21	1	2	1	2	1	2	11	19	28	10	4	3	3	7	4	0	5	11	2	13	6
Rhodothermaeota	15	7	12	0	0	21	23	10	1	26	0	72	18	1	0	8	42	27	20	14	21	3	12	2	30	3	18	18	11	0	18	6	17	5	3	8	20	1	44	0	46	27	124	18	3	9	3	7	4	2	29	37	12	12	4
Balneolaeota	7	12	87	11	4	33	92	21	8	10	8	22	27	16	37	11	37	8	22	11	8	4	129	18	148	20	31	70	7	3	16	22	48	91	39	10	12	21	50	22	19	38	39	11	9	17	4	51	14	14	25	29	7	22	16
Cyanobacteria	284	428	1259	414	173	1433	1388	882	535	867	186	1507	795	508	1128	764	1784	791	668	640	1266	872	3676	174	22838	644	632	2784	705	184	1138	3103	1160	20828	426	1902	963	421	1799	2179	1356	109857	3995	1093	461	24459	1132	888	239	641	1402	6778	451	469	1321
Candidatus Melainabacteria	122196	1447	35272	4780	5143	7645	7053	133827	3812	9024	3140	4152	5500	2032	23528	9197	8775	9473	280	5974	32439	78186	16043	236	52792	106594	2898	6595	2637	18890	10129	23948	300	46990	1291	7261	23743	3429	3297	17663	27406	107028	11781	9683	28345	43365	5828	2740	435	21532	6297	24209	1082	1261	8977
Candidatus Margulisbacteria	4	4	27	1	2	17	30	6	0	52	0	44	6	2	2	0	13	4	3	4	2	1	25	2	29	1	1	7	0	0	1	0	25	14	4	0	3	7	22	6	13	6	8	5	1	3	2	2	4	9	14	40	15	3	4
Candidatus Gracilibacteria	1	6	28	0	1	130	58	3	5	0	1	14	40	1	6	25	10	3	6	7	1	203	18	4	120	9	3	83	0	1	77	4	2	12	8	2	2	1	0	115	32	10	33	5	3	49	66	1	0	3	19	63	2	1	62
Candidatus Microgenomates	0	0	0	0	0	0	0	1	0	0	0	0	0	0	0	0	0	2	1	0	1	0	2	0	0	0	0	1	0	0	1	1	0	0	0	0	0	0	3	0	0	0	0	0	0	1	0	0	0	0	1	0	0	0	0
Candidatus Curtissbacteria	0	3	9	0	1	6	16	69	5	2	0	7	1	2	1	3	6	3	3	18	15	1	32	1	5	1	2	9	0	4	3	3	16	10	1	4	5	4	2	7	42	7	15	5	6	4	3	0	2	3	10	12	4	1	5
Candidatus Daviesbacteria	0	3	13	0	1	16	7	8	3	25	0	9	2	2	8	4	8	18	3	2	9	12	54	1	7	3	6	73	5	1	41	6	5	6	9	0	4	9	2	12	17	9	29	4	6	33	8	11	5	9	13	18	2	1	8
Candidatus Levybacteria	14	5	30	19	4	27	58	94	9	9	8	32	25	3	21	4	37	14	6	15	19	11	69	17	71	39	16	24	19	1	23	123	27	28	18	7	91	10	65	30	19	26	48	15	22	22	3	13	2	21	61	42	18	12	20
Candidatus Gottesmanbacteria	15	11	23	2	2	6	25	22	3	4	1	12	10	9	10	4	12	4	3	15	9	2	20	4	8	7	7	8	5	0	64	13	13	11	5	2	9	2	29	103	15	20	59	11	4	4	2	8	10	4	18	18	16	40	36
Candidatus Shapirobacteria	6	5	6	2	3	20	11	12	5	8	1	8	6	3	1	3	9	4	5	4	5	1	23	0	12	4	18	4	3	1	1	7	3	9	3	2	4	3	5	3	39	14	13	8	1	2	1	7	7	3	3	17	1	3	1
Candidatus Woesebacteria	3	3	36	7	4	26	35	21	38	7	2	24	43	13	19	5	18	26	7	18	16	2	20	2	30	9	23	18	86	5	50	16	16	33	19	7	40	12	8	24	16	28	19	34	6	21	16	8	7	9	34	22	5	10	14
Candidatus Roizmanbacteria	46	13	113	1	2	101	16	45	2	10	3	15	3	15	14	12	49	11	5	7	42	1	18	182	29	22	7	95	4	3	36	21	6	11	9	3	14	7	13	46	35	10	24	24	7	75	4	25	5	2	20	87	4	9	18
Candidatus Pacebacteria	8	5	31	5	1	15	25	8	7	95	5	13	8	11	233	1	37	20	27	5	8	3	15	1	141	17	51	31	13	3	67	19	37	84	11	10	38	10	98	23	12	13	32	12	5	41	14	5	5	1	8	22	17	4	7
Candidatus Collierbacteria	1	0	9	8	2	6	4	39	3	3	0	5	0	1	6	2	9	7	2	2	2	1	14	13	2	2	6	6	3	1	12	8	39	3	3	6	15	0	1	12	27	11	14	1	2	7	2	8	0	1	6	5	4	2	8
Candidatus Beckwithbacteria	1	3	4	3	0	9	2	4	1	1	0	9	22	1	3	3	1	31	5	1	0	30	12	4	21	3	4	40	3	1	4	6	1	3	15	0	13	1	2	22	4	4	8	3	2	4	0	0	0	0	16	11	2	2	29
Candidatus Amesbacteria	1	2	1	0	0	8	4	19	1	1	0	0	0	0	0	1	1	1	2	5	3	2	4	2	7	0	1	1	2	0	1	2	1	1	0	3	2	2	0	0	6	5	5	1	0	0	1	1	0	2	1	4	0	0	1
Candidatus Blackburnbacteria	1	0	1	0	2	3	11	2	0	0	0	9	0	0	0	2	4	0	1	2	2	0	6	0	1	0	0	7	2	0	1	4	53	1	0	2	0	0	1	33	1	13	3	0	0	0	1	0	0	0	0	1	19	0	39
Candidatus Woykebacteria	2	0	1	1	0	1	3	3	1	2	1	1	2	2	0	2	1	3	1	1	3	1	9	0	6	0	1	1	0	3	1	1	0	2	0	0	10	2	0	0	0	1	7	3	0	0	0	3	1	28	1	5	2	2	0
Candidatus Chisholmbacteria	0	1	1	1	0	11	0	1	1	34	0	3	0	0	0	10	8	0	13	3	0	0	6	0	0	0	0	47	1	0	1	2	6	1	0	0	1	0	24	6	1	0	34	0	3	0	1	0	3	0	2	2	0	0	1
Candidatus Parcubacteria	5	12	5	1	0	20	17	4	35	5	0	12	5	1	1	1	5	7	3	21	4	0	5	123	38	3	6	0	0	0	2	7	9	1	5	1	3	5	0	11	30	7	11	5	0	1	0	3	1	2	14	4	44	5	18
Candidatus Campbellbacteria	2	9	4	0	1	5	2	9	0	6	0	2	11	16	0	3	0	1	4	0	0	77	4	0	5	1	3	1	0	0	10	2	2	6	19	4	12	0	5	40	2	9	2	12	0	5	3	1	3	3	17	9	2	10	12
Candidatus Falkowbacteria	5	17	41	2	8	63	21	13	7	21	4	57	8	22	26	5	96	16	7	19	18	3	64	4	49	98	14	44	6	1	7	69	20	19	20	3	13	16	10	9	26	41	67	14	7	13	17	31	4	6	25	33	2	6	15
Candidatus Nomurabacteria	7	4	14	3	4	28	29	23	7	11	2	43	12	13	22	5	23	18	10	16	15	0	70	9	25	185	29	16	12	9	20	11	20	45	17	7	28	12	46	22	15	25	56	18	11	7	6	10	7	4	51	36	11	6	21
Candidatus Magasanikbacteria	4	6	39	31	45	19	85	71	8	53	7	34	18	23	15	8	29	80	17	12	29	12	129	4	37	41	20	77	22	5	11	22	71	31	32	10	42	8	28	30	22	28	42	27	18	28	40	38	12	14	40	42	16	24	16
Candidatus Uhrbacteria	9	8	24	71	10	26	74	45	7	17	4	50	34	12	6	12	15	32	12	24	17	4	51	3	40	15	22	40	9	4	19	31	18	10	9	5	30	12	60	78	80	48	58	57	13	12	58	23	7	9	34	41	3	14	33
Candidatus Yanofskybacteria	5	8	16	1	0	13	38	14	3	23	2	27	17	2	5	4	18	2	49	5	8	3	10	3	8	4	10	22	4	1	7	5	23	16	3	3	10	7	18	22	26	15	24	12	0	4	5	6	5	6	36	19	8	5	9
Candidatus Kaiserbacteria	1	5	9	2	8	71	18	18	5	60	6	34	11	1	9	0	16	25	20	6	76	167	36	0	60	8	7	7	125	5	64	86	16	27	5	7	9	7	24	24	18	52	33	19	4	30	10	86	2	10	14	42	5	12	17
Candidatus Wolfebacteria	1	1	10	1	1	17	13	13	2	27	4	6	12	2	1	1	9	71	2	5	39	4	31	3	51	6	12	4	6	3	14	14	85	107	6	2	4	5	192	2	32	14	29	8	3	19	27	10	11	2	13	14	1	4	4
Candidatus Adlerbacteria	0	0	1	0	0	3	4	4	0	0	0	5	0	0	0	0	10	2	7	0	1	1	6	0	1	1	1	0	1	0	1	2	0	1	0	0	1	0	0	0	5	4	99	3	1	0	3	2	0	0	5	1	0	1	1
Candidatus Moranbacteria	7	20	34	7	8	96	39	28	30	86	23	131	144	39	19	17	92	25	44	22	27	7	106	14	97	46	26	50	93	7	45	13	37	51	10	18	46	11	9	9	119	36	81	70	11	90	38	148	18	3	64	70	16	19	40
Candidatus Giovannonibacteria	5	8	23	4	0	8	33	55	23	0	0	23	1	14	3	8	22	5	3	17	10	0	8	4	75	7	8	16	1	1	1	16	6	9	0	9	9	7	6	23	13	7	23	8	17	1	4	15	0	2	8	18	0	5	2
Candidatus Jorgensenbacteria	0	0	3	1	0	9	11	0	0	0	0	4	5	0	0	0	8	8	0	3	0	0	7	1	1	2	4	0	0	0	1	0	19	0	0	0	0	0	0	3	3	1	17	1	3	1	0	2	1	1	7	7	1	0	2
Candidatus Kuenenbacteria	2	7	8	1	27	22	7	6	8	2	0	1	3	0	0	10	65	5	2	2	3	3	5	2	3	3	1	25	4	0	3	5	19	10	4	5	3	2	3	4	2	24	8	3	4	33	0	4	1	0	1	2	3	7	1
Candidatus Azambacteria	1	0	8	0	0	5	6	11	1	1	1	3	1	3	1	0	5	4	7	6	3	0	12	6	20	0	1	0	3	0	0	2	1	4	1	3	4	2	1	1	10	19	8	3	14	0	7	1	0	0	1	13	7	7	1
Candidatus Andersenbacteria	0	5	16	2	0	3	14	4	0	1	1	7	2	0	1	1	8	2	1	1	10	0	3	0	11	2	2	2	1	0	1	9	3	1	1	0	1	6	0	0	5	4	5	4	0	5	4	5	25	1	8	6	0	1	0
Candidatus Brennerbacteria	0	1	1	0	0	4	0	0	0	0	0	4	0	0	0	0	0	2	0	0	0	0	1	0	0	0	0	0	0	0	0	0	0	0	0	0	0	0	3	0	0	0	1	0	0	0	0	0	0	0	0	4	0	0	0
Candidatus Buchananbacteria	3	4	9	1	1	3	18	6	9	5	0	15	2	2	2	2	9	6	4	2	6	0	12	0	29	6	10	9	5	1	1	3	22	28	4	1	2	2	2	6	12	27	23	18	3	1	17	4	1	1	6	9	58	9	0
Candidatus Colwellbacteria	0	0	4	0	0	1	2	0	1	1	0	2	0	0	0	0	2	0	0	0	1	1	9	0	1	0	0	0	0	0	1	0	0	1	11	2	4	0	1	0	4	4	1	3	0	0	1	1	0	0	0	16	1	17	0
Candidatus Harrisonbacteria	0	2	8	0	0	4	1	9	1	1	1	4	7	4	4	3	5	24	5	3	5	93	4	1	1	1	6	7	1	1	2	5	0	0	1	3	4	0	2	12	9	1	10	6	1	0	0	0	1	2	0	10	2	3	20
Candidatus Jacksonbacteria	0	0	2	0	0	0	0	0	0	0	0	1	1	0	1	1	0	2	0	0	0	0	10	0	0	0	0	0	0	0	0	0	1	0	0	0	0	0	0	0	1	0	1	0	1	0	28	3	0	1	1	3	0	0	0
Candidatus Kerfeldbacteria	0	4	3	0	0	0	62	7	2	4	3	5	2	3	1	0	2	6	10	4	0	5	19	0	1	1	1	21	0	1	0	14	14	25	8	1	2	1	17	1	3	7	13	4	2	6	1	6	1	1	3	3	1	1	4
Candidatus Komeilibacteria	3	3	10	0	0	4	9	13	1	18	0	13	9	10	2	5	12	10	12	12	7	2	5	0	12	3	2	5	3	1	2	2	4	1	4	1	5	2	20	30	6	21	6	6	4	2	59	4	0	1	27	3	0	0	4
Candidatus Liptonbacteria	2	1	9	0	1	6	8	4	0	4	0	14	7	5	4	0	3	6	2	2	1	1	2	1	23	2	10	1	4	1	2	2	2	1	0	0	1	5	37	6	2	12	6	8	2	3	7	9	0	1	8	0	1	0	4
Candidatus Lloydbacteria	0	3	5	3	0	6	2	4	10	13	1	5	1	0	1	0	11	5	6	1	4	16	19	0	20	5	2	8	3	31	0	3	3	2	0	0	3	3	1	0	5	6	12	4	1	5	8	0	8	0	3	2	2	1	15
Candidatus Nealsonbacteria	3	4	22	1	2	20	16	18	2	10	1	22	13	6	3	4	39	10	4	5	138	3	136	2	16	14	6	8	7	1	10	5	15	22	1	3	13	10	26	3	19	27	24	13	10	2	1	5	6	11	41	35	3	5	6
Candidatus Niyogibacteria	0	1	0	0	0	0	6	3	0	0	0	2	1	0	4	0	1	3	2	2	1	0	1	0	0	0	2	0	2	0	0	0	12	9	0	1	3	0	0	17	1	1	1	3	0	0	0	0	0	0	0	2	0	0	3
Candidatus Portnoybacteria	4	53	10	0	0	4	23	5	2	7	0	9	4	0	2	0	18	70	63	5	57	3	8	4	6	38	95	2	4	3	30	3	20	2	25	4	142	5	0	9	252	35	14	10	11	3	1	5	10	3	86	92	139	97	9
Candidatus Ryanbacteria	0	0	8	0	0	0	4	7	2	7	1	3	1	1	0	1	5	1	0	0	0	0	1	0	63	1	0	34	0	0	0	1	15	1	2	2	1	0	0	6	2	0	5	2	3	1	0	4	0	1	2	3	16	1	1
Candidatus Spechtbacteria	5	0	1	0	2	0	0	2	1	2	20	4	1	2	0	0	0	0	2	3	1	0	2	5	3	6	2	0	1	0	0	1	0	1	1	0	1	2	0	11	0	2	13	2	1	0	4	1	0	2	2	5	0	1	6
Candidatus Staskawiczbacteria	0	0	11	3	13	6	54	2	4	12	0	21	0	5	0	1	8	1	2	1	5	0	18	3	2	1	1	22	2	0	2	8	82	1	4	1	13	4	1	21	23	19	17	5	2	16	3	0	1	2	12	7	6	1	21
Candidatus Sungbacteria	0	3	31	2	0	7	34	8	1	11	0	11	0	4	1	18	13	3	6	7	5	0	6	5	3	2	7	9	7	1	3	6	12	3	2	1	5	3	36	0	18	8	19	9	0	0	1	3	4	3	3	12	3	6	7
Candidatus Tagabacteria	1	0	0	0	0	0	6	0	1	2	0	1	0	0	2	0	2	0	0	2	1	0	2	0	0	1	0	15	1	0	0	0	5	0	0	1	0	2	0	0	2	0	0	0	0	0	0	1	0	5	0	1	0	1	0
Candidatus Taylorbacteria	3	10	96	0	0	3	13	1	0	5	0	26	0	0	0	59	1	8	14	6	8	0	6	0	1	56	0	46	4	0	31	4	55	3	5	6	61	1	1	23	7	8	12	9	6	19	2	1	1	1	9	16	5	8	5
Candidatus Terrybacteria	0	1	2	1	0	0	4	2	0	0	1	13	0	1	1	0	2	1	5	1	1	1	5	0	1	2	0	0	0	1	2	4	1	3	1	0	4	1	0	1	6	7	11	1	1	0	0	3	0	0	10	7	0	0	3
Candidatus Veblenbacteria	0	0	0	0	0	0	0	1	1	0	0	0	0	0	0	0	0	0	3	0	0	0	19	0	0	0	0	0	0	0	0	0	0	0	0	0	1	0	0	0	0	0	0	1	1	0	0	0	0	0	0	0	0	0	0
Candidatus Vogelbacteria	0	1	1	0	0	14	0	2	1	5	0	3	1	4	0	1	1	6	0	0	0	26	20	0	6	3	0	1	2	0	5	5	1	7	0	2	1	2	62	12	2	117	4	1	0	1	3	3	0	0	2	9	0	0	17
Candidatus Wildermuthbacteria	2	3	9	0	0	21	7	34	2	3	0	10	0	0	0	7	5	3	1	2	177	0	4	1	6	3	5	48	2	1	5	0	19	9	0	3	1	0	1	7	8	6	10	1	1	17	2	4	0	3	11	2	0	0	8
Candidatus Yonathbacteria	0	0	3	0	0	20	1	5	1	1	0	3	0	0	0	1	5	3	1	3	0	0	2	0	0	0	0	21	2	0	6	0	1	1	0	1	2	0	0	1	4	0	6	1	0	25	0	0	0	0	2	3	0	1	4
Candidatus Zambryskibacteria	3	6	32	4	0	20	14	5	59	10	0	9	8	1	4	11	45	5	6	7	6	2	9	6	8	1	14	131	1	0	0	7	5	14	3	6	47	1	3	17	38	8	19	10	4	5	2	24	1	2	30	8	1	2	5
Euryarchaeota	710	625	2845	459	253	1789	90702	4484	853	1237	328	90026	1300	637	867	522	139508	1224	1671	1014	2432	1907	17783	448	1515	933	1301	2219	920	403	1397	1454	1751	1816	610	708	1823	419	1408	1613	2766	2148	14209	1605	1783	1508	1425	1451	306	506	2098	10769	979	861	1108
Crenarchaeota	12	18	147	14	4	91	109	41	22	38	2	91	79	42	24	9	102	45	53	35	92	9	128	13	44	74	28	24	24	6	43	62	42	70	36	19	47	9	17	43	88	61	124	92	69	75	41	56	4	14	117	77	20	21	40
Candidatus Korarchaeota	0	0	2	0	0	6	1	0	0	6	0	2	0	0	0	0	0	0	0	0	0	0	0	0	0	1	0	0	0	0	1	0	0	1	1	0	1	0	0	2	4	0	2	0	1	0	0	0	1	0	4	0	0	0	0
Thaumarchaeota	22	52	79	15	8	151	146	106	19	130	3	111	77	76	141	46	55	87	14	47	20	13	211	4	105	24	42	130	13	15	151	41	178	40	47	17	20	39	99	225	56	175	104	69	33	69	126	169	14	18	85	118	22	17	107
Candidatus Bathyarchaeota	20	21	117	7	3	48	59	30	21	92	7	117	74	8	37	64	69	64	29	38	97	10	101	7	79	29	83	120	44	6	87	45	62	58	14	7	30	19	124	71	87	121	87	131	11	24	197	70	8	3	132	56	39	11	39
Candidatus Verstraetearchaeota	0	1	7	0	0	3	5	5	0	0	0	15	0	0	0	1	4	3	14	4	2	0	1	0	1	0	2	0	1	1	0	0	4	0	0	0	5	0	1	114	15	6	4	1	3	0	0	1	0	0	0	2	1	3	37
Candidatus Geothermarchaeota	0	0	5	0	0	0	0	0	0	0	0	0	0	0	0	0	0	0	1	1	0	0	0	0	0	0	0	0	2	0	0	1	10	1	0	0	0	0	0	0	0	0	0	0	0	0	0	0	0	0	0	0	1	0	0
Nanoarchaeota	0	1	1	1	0	0	1	0	0	1	0	3	0	1	0	0	0	1	0	0	0	0	2	0	3	0	2	0	0	2	0	3	0	0	0	10	0	0	13	1	0	23	9	0	1	0	0	0	1	0	0	1	0	2	0
Candidatus Aenigmarchaeota	0	6	1	0	0	11	8	0	2	0	0	3	17	1	1	1	4	6	5	3	0	23	14	1	8	2	12	2	2	9	11	5	3	2	1	2	3	0	0	73	34	1	9	17	3	14	0	1	0	3	7	32	3	6	43
Candidatus Diapherotrites	2	3	1	0	0	12	10	5	1	6	1	10	1	7	1	1	2	10	0	0	0	0	2	1	1	0	1	6	0	0	0	15	0	7	0	1	2	1	0	1	0	14	3	3	7	6	0	9	1	0	2	3	0	1	0
Candidatus Parvarchaeota	0	1	0	0	5	1	1	0	1	0	0	0	17	0	0	0	0	0	1	0	0	0	0	0	0	0	0	8	1	0	0	0	1	0	0	0	0	0	21	0	0	0	0	0	0	0	0	0	0	0	2	4	0	0	0
Candidatus Woesearchaeota	1	3	13	4	2	8	33	7	2	6	5	21	9	10	0	0	18	16	3	8	10	5	11	7	18	18	2	3	2	5	43	10	16	7	2	4	21	9	19	6	16	18	21	6	4	6	14	16	3	0	44	14	3	1	7
Candidatus Micrarchaeota	6	1	23	0	0	5	9	10	7	15	3	6	4	0	8	2	11	10	8	0	5	45	13	0	26	1	5	10	3	9	3	5	1	30	0	1	3	3	0	6	11	9	13	6	4	12	13	0	1	2	4	10	3	2	5
Candidatus Altiarchaeota	1	3	76	2	3	3	9	6	1	0	0	12	8	0	6	1	45	5	4	7	2	0	21	7	6	5	6	1	2	0	5	10	18	18	5	4	33	9	0	0	8	13	34	4	10	0	27	11	0	0	11	8	9	3	40
Candidatus Huberarchaea	0	0	0	0	0	0	0	0	0	0	0	0	0	0	0	0	1	0	0	0	0	0	0	0	0	0	0	0	1	0	0	0	0	0	0	0	0	0	0	0	0	0	0	0	0	0	0	0	0	0	0	0	0	0	0
Candidatus Lokiarchaeota	9	11	6	5	3	37	24	19	7	40	3	14	10	10	9	6	26	46	3	3	24	8	29	8	43	5	10	66	4	3	30	11	41	5	12	4	5	13	11	6	20	9	30	13	2	66	17	15	7	9	29	25	48	20	16
Candidatus Thorarchaeota	5	3	4	0	1	9	4	2	0	2	0	6	6	0	1	1	41	1	4	4	88	2	7	0	30	1	19	19	1	0	0	6	1	17	0	0	2	2	33	1	3	3	7	7	2	1	3	3	0	4	16	3	1	8	3
Candidatus Heimdallarchaeota	4	3	7	0	0	8	10	2	2	4	0	18	8	0	0	0	0	8	0	1	6	2	7	1	4	0	1	3	2	1	1	5	13	1	3	1	0	5	1	56	1	0	15	2	0	1	0	1	0	12	20	21	8	0	64
Candidatus Helarchaeota	1	0	0	0	0	0	1	0	0	1	0	4	1	0	0	1	1	1	0	0	0	0	2	0	12	0	0	0	0	0	1	1	1	0	0	0	0	0	1	0	2	1	0	0	6	0	3	0	0	0	0	2	2	0	0
