ERR2840913	ERR2840898	ERR2840915	ERR2840901	ERR2840908	ERR2840936	ERR2840926	ERR2840892	ERR2840903	ERR2840906	ERR2840893	ERR2840925	ERR2840934	ERR2840910	ERR2840940	ERR2840924	ERR2840894	ERR2840937	ERR2840897	ERR2840914	ERR2840890	ERR2840928	ERR2840922	ERR2840911	ERR2840929	ERR2840912	ERR2840888	ERR2840923	ERR2840916	ERR2840909	ERR2840939	ERR2840895	ERR2840917	ERR2840938	ERR2840896	ERR2840889	ERR2840900	ERR2840904	ERR2840941	ERR2840919	ERR2840902	ERR2840942	ERR2840921	ERR2840935	ERR2840899	ERR2840932	ERR2840930	ERR2840933	ERR2840905	ERR2840891	ERR2840927	ERR2840931	ERR2840918	ERR2840907	ERR2840920
Monjiviricetes	1	0	0	0	0	0	0	0	0	0	0	1	0	0	0	0	5	0	0	0	0	0	0	0	0	8	0	1	0	1	0	0	0	0	0	0	1	0	0	0	1	0	0	2	0	0	0	2	0	0	0	0	0	0	0
Ellioviricetes	0	0	0	0	0	0	0	1	6	0	0	1	0	2	0	0	1	0	0	1	3	0	1	0	0	0	1	1	0	1	1	0	2	0	3	0	2	0	0	1	3	1	1	0	0	0	0	0	1	0	1	0	0	1	0
Insthoviricetes	0	0	0	0	0	0	0	0	0	0	0	1	0	0	0	0	0	0	0	0	0	0	0	0	0	0	0	0	0	0	0	0	0	0	0	0	0	0	0	0	0	0	0	0	0	0	0	0	0	0	0	0	0	0	0
Mammalia	175	296	713	411	122	841	789	523	300	529	148	691	658	325	377	199	704	544	218	378	565	765	981	336	901	684	328	806	310	89	769	595	794	723	375	524	464	255	934	1154	413	778	771	1129	306	672	1183	515	77	141	734	935	519	218	641
Chytridiomycetes	22	25	149	30	42	113	148	104	37	84	48	207	115	40	19	78	142	101	101	76	79	123	152	18	107	98	91	209	123	10	87	97	101	40	32	33	96	24	223	101	160	132	183	104	75	88	62	40	21	31	188	139	37	57	62
Monoblepharidomycetes	0	4	3	2	1	13	9	12	4	14	1	6	4	6	3	5	5	4	2	1	3	0	11	0	3	4	0	52	2	0	3	1	1	1	3	4	5	4	4	12	5	9	79	2	4	0	63	3	1	7	14	15	1	0	6
Neocallimastigomycetes	27	42	32	5	33	102	86	83	38	71	2	47	45	41	8	7	48	23	15	7	72	40	59	34	64	32	16	74	56	4	107	42	77	50	44	53	38	35	88	155	25	39	75	31	42	46	91	100	24	14	18	151	35	23	86
Blastocladiomycetes	1	12	41	2	0	34	26	9	5	33	0	57	40	6	6	4	33	32	26	14	52	2	45	3	11	9	22	11	12	3	6	15	60	11	8	5	24	3	28	14	14	70	93	37	11	45	11	24	4	13	12	49	19	23	8
Glomeromycetes	398	575	798	326	141	1840	1349	685	658	784	104	894	733	636	936	276	652	1116	240	429	1329	1338	1307	466	1820	1032	487	849	408	143	1317	741	1262	1499	642	444	911	429	1329	1280	656	1068	1056	1285	361	1791	1185	920	196	447	825	2025	440	293	876
Endogonomycetes	0	1	3	1	0	0	2	6	4	0	0	4	3	0	2	4	13	4	0	1	0	0	3	0	1	0	0	11	2	0	1	6	2	2	1	1	0	0	0	0	0	1	6	6	3	1	0	0	0	1	1	4	1	0	0
Mucoromycetes	87	291	492	141	122	819	774	385	206	481	61	375	311	232	372	123	416	415	195	229	274	522	845	59	716	491	226	608	132	32	838	294	380	526	282	101	504	121	568	634	407	614	585	548	198	598	411	420	142	105	475	1272	187	109	390
Mortierellomycetes	7	19	39	5	22	21	42	34	11	41	0	44	76	9	31	14	25	27	7	13	27	59	157	21	130	68	12	37	7	2	40	10	15	50	12	7	27	25	169	57	111	54	35	80	24	19	54	68	26	1	36	85	8	11	27
Zoopagomycetes	8	13	40	19	17	52	47	22	7	11	60	125	121	9	62	31	37	15	16	30	66	31	94	17	64	27	41	51	18	3	111	66	9	63	8	13	30	7	49	55	39	36	97	106	33	61	19	145	2	21	38	70	11	27	33
Kickxellomycetes	2	2	3	0	0	4	7	19	2	3	1	29	15	0	2	0	2	5	1	10	9	3	14	0	35	0	1	3	10	0	2	4	56	3	1	2	2	7	41	49	2	19	14	4	1	4	3	3	0	4	9	2	4	1	19
Dimargaritomycetes	4	1	8	0	0	3	0	3	4	0	0	12	26	1	0	2	3	1	1	2	3	2	11	0	20	2	2	14	0	1	1	3	23	1	39	1	3	0	0	9	4	27	4	5	0	4	2	11	2	2	11	12	2	5	5
Harpellomycetes	20	92	127	86	29	289	306	118	136	177	28	260	141	139	104	76	154	192	75	74	243	93	285	109	344	171	67	356	96	27	315	105	158	448	122	44	161	90	214	386	93	255	274	224	76	220	343	145	17	71	253	457	196	30	204
Entomophthoromycetes	61	178	320	95	41	307	169	275	89	117	20	201	184	67	101	103	263	113	87	118	424	238	398	103	396	206	117	352	62	29	263	239	134	231	103	58	186	68	321	357	116	176	231	207	72	312	197	163	14	56	188	455	118	53	214
Schizosaccharomycetes	3	6	6	7	7	25	32	12	8	13	0	20	17	3	5	13	15	13	4	5	5	16	22	4	22	4	5	32	3	1	21	12	34	15	8	5	6	2	18	7	9	4	36	13	5	4	9	12	1	5	9	16	4	1	6
Taphrinomycetes	6	1	18	31	58	21	33	13	7	3	0	45	33	8	29	4	20	18	6	30	14	1	25	0	8	20	3	5	50	4	11	21	20	25	3	6	27	3	4	81	24	20	69	64	19	11	117	49	9	12	16	40	4	4	41
Neolectomycetes	0	2	17	0	0	2	0	16	0	1	0	2	0	2	6	5	6	0	4	0	1	0	1	0	14	1	0	1	0	3	3	1	2	1	0	2	1	1	2	1	0	0	2	0	0	1	0	3	0	1	11	3	2	0	0
Saccharomycetes	555	1282	2746	1138	827	4031	3554	2420	1377	2090	338	3354	2465	1398	2770	1213	2626	2757	1379	1563	4716	2977	5345	593	4076	1821	1464	5103	1399	568	3101	2183	3311	3591	1136	813	1820	951	4777	4164	2306	4128	4103	2730	1188	3930	2883	2171	460	1758	3143	4648	1343	1046	2502
Pezizomycetes	55	104	391	163	40	505	371	291	128	298	23	438	345	116	302	156	270	347	167	155	690	169	393	85	539	265	91	520	85	61	433	393	202	790	73	117	264	121	607	462	269	544	404	306	196	414	444	166	40	115	367	585	94	105	233
Orbiliomycetes	79	75	191	24	3	219	162	74	35	88	8	145	110	57	166	81	107	107	62	128	158	160	180	125	284	81	62	212	136	19	308	110	165	174	44	41	65	41	171	157	129	206	153	190	49	97	117	105	54	34	155	254	51	68	103
Eurotiomycetes	494	686	2140	926	473	3235	2428	1270	576	1957	301	2528	1639	657	1542	801	2104	1823	1214	1137	2652	2652	2687	373	3077	1220	1213	2549	845	276	2426	1567	2075	1936	631	665	1563	606	3556	2712	5958	3065	2933	2189	980	1912	1848	1568	807	1423	2164	3354	968	707	1590
Lecanoromycetes	29	59	114	79	65	153	176	94	62	99	6	202	86	106	107	43	105	116	142	49	56	124	204	19	144	171	55	77	40	12	123	92	129	112	88	24	112	20	254	401	94	162	223	172	58	58	90	111	22	48	239	220	33	58	236
Geoglossomycetes	377	567	2008	373	153	1610	1479	1035	383	1266	145	2386	1025	203	471	541	2165	1344	1682	1075	1409	1220	1432	280	1766	682	1175	1752	620	286	1006	1490	1221	902	267	424	1667	323	1512	1299	2129	3666	4002	1794	624	1488	1000	966	296	472	1583	1614	822	889	851
Xylonomycetes	3	18	39	10	5	9	3	6	5	24	3	8	4	2	3	1	14	10	17	5	6	3	19	3	7	5	13	5	1	4	6	8	12	10	8	15	24	6	5	3	10	28	14	6	9	5	7	3	11	2	8	10	6	4	28
Arthoniomycetes	3	2	7	10	1	114	40	8	2	12	0	32	6	3	0	5	7	13	4	3	7	66	23	1	92	1	18	48	3	0	116	4	1	42	8	6	23	3	5	33	9	19	8	3	3	55	8	2	0	1	13	146	0	1	21
Dothideomycetes	574	681	2343	1331	173	3121	2209	1316	626	2092	265	3144	1616	483	1182	898	2479	1836	1395	2203	3386	1633	2749	322	2962	1197	1400	3020	807	384	2165	1737	2776	2266	688	498	1782	567	3497	2675	2377	3288	3494	2333	814	1935	2366	1635	348	591	2429	2911	1522	939	1672
Leotiomycetes	542	417	1271	314	232	2451	1406	774	714	1166	177	1381	1259	428	1285	845	1251	1161	462	675	1736	1876	1583	302	1806	856	367	2342	427	174	1806	908	1324	1428	636	299	694	362	2615	1857	1016	2025	1548	1291	536	1765	1752	888	571	342	1416	2302	529	317	1017
Sordariomycetes	2492	3287	9851	5228	1105	10695	10824	6108	3152	8343	1022	15270	7256	2194	5859	3613	11419	8632	8465	6138	12334	7928	10113	1393	10875	4938	6475	10785	3896	1723	9760	6792	9772	9261	2737	3771	9190	2316	11397	9077	12589	18039	20091	9789	4145	8489	9132	6947	2080	3499	10367	12999	5793	4528	5911
Laboulbeniomycetes	0	1	7	54	0	23	6	10	2	5	0	15	3	1	3	4	7	4	2	57	7	0	8	1	1	2	3	65	4	4	2	0	10	1	0	0	0	0	1	13	3	3	2	2	3	38	0	2	1	2	0	2	3	0	4
Tremellomycetes	117	174	707	180	166	861	639	368	329	686	91	1081	455	349	335	238	800	529	483	398	640	186	653	74	943	414	538	523	292	61	741	650	882	768	133	154	487	126	851	659	867	852	1560	1033	262	395	601	369	96	93	901	638	245	274	438
Agaricomycetes	920	1060	3074	1550	408	4236	3167	2120	1244	3068	298	3983	2818	778	2476	1377	3433	2718	2053	1811	3611	4130	4122	626	4614	1719	1582	4566	1047	485	4405	2509	3162	3639	841	830	2236	737	5116	3461	3170	4534	5071	3180	1187	3312	3101	2061	721	1014	3894	4825	1248	1289	2205
Dacrymycetes	3	5	23	5	23	64	35	15	112	5	1	37	18	5	804	6	28	35	40	22	88	2	41	1	18	4	3	36	6	2	71	19	9	207	20	6	21	4	20	2	44	21	55	35	16	192	104	13	0	1	38	429	5	17	8
Agaricostilbomycetes	1	0	10	0	0	52	3	4	2	1	0	29	5	0	4	8	6	0	6	0	4	101	15	0	24	108	3	14	2	1	42	5	2	1	0	0	3	2	0	8	6	4	8	11	2	20	11	0	1	1	2	66	0	0	3
Microbotryomycetes	26	51	162	15	2	154	200	69	33	181	21	322	169	32	30	33	260	135	215	81	146	84	113	16	153	45	160	134	88	14	36	115	135	57	48	50	159	32	201	158	200	220	516	137	78	50	481	141	30	27	239	170	62	100	115
Pucciniomycetes	265	477	914	436	197	2177	1409	697	683	2316	524	1103	988	675	1197	406	952	1064	384	720	1260	2089	1788	446	2206	1094	438	1726	482	273	1844	794	1586	1330	629	375	804	541	2249	1616	913	1680	1267	1163	686	1794	1483	1226	262	332	1113	2227	1340	297	1096
Cystobasidiomycetes	6	15	37	18	6	13	43	51	10	10	5	59	39	4	20	31	51	32	33	14	23	32	36	1	72	26	16	72	7	6	24	36	23	34	13	5	11	2	42	27	67	62	63	42	16	61	8	30	3	4	40	34	3	21	33
Mixiomycetes	0	0	3	17	0	1	7	0	0	2	11	1	1	1	0	0	2	1	3	4	0	0	5	4	12	10	0	1	0	0	0	1	25	13	0	0	0	3	3	1	0	2	3	5	1	0	0	2	0	0	3	5	6	1	0
Ustilaginomycetes	116	29	130	30	30	196	252	78	11	175	8	247	152	13	158	62	175	153	165	52	455	297	161	6	152	51	82	173	172	20	78	61	87	267	30	31	81	39	679	185	126	645	316	191	62	225	129	70	29	22	214	255	40	50	99
Exobasidiomycetes	21	64	114	31	12	213	132	118	50	143	13	165	70	21	50	115	126	107	104	39	193	89	301	27	88	106	68	151	31	14	176	134	86	85	26	38	75	43	226	111	171	331	255	104	39	100	44	130	14	17	120	98	59	65	43
Malasseziomycetes	14	33	125	13	5	77	89	147	17	104	337	201	40	8	15	17	123	82	94	63	183	16	63	9	50	54	81	45	26	13	29	144	67	53	15	17	77	25	86	112	113	125	362	106	96	68	116	123	16	12	65	86	62	37	70
Wallemiomycetes	2	7	22	0	0	6	0	4	0	133	0	4	2	3	2	0	3	1	2	0	9	0	1	0	11	11	1	0	1	0	2	10	1	6	0	0	2	0	1	1	8	10	11	4	17	1	4	113	4	2	8	7	2	9	3
Geminibasidiomycetes	4	4	15	1	0	6	12	16	0	4	1	25	24	4	48	1	11	13	6	6	13	147	5	3	3	5	6	9	8	0	2	10	8	17	0	22	6	3	0	0	10	36	36	20	4	4	8	14	0	1	31	10	3	15	4
Gammaproteobacteria	14565	34254	25741	29554	21813	222744	2066877	28637	216443	130361	21187	293404	610931	46694	107418	887273	83407	162925	168372	31860	107921	136121	66108	9789	249984	156866	133557	955479	955581	1025680	185196	30207	25333	189954	81753	54845	33519	11412	237663	423376	160844	260075	100123	120557	20809	524767	223803	303526	77110	275742	423371	297707	117113	28194	537996
Alphaproteobacteria	21251	4482	18057	9093	672	9687	12145	20002	2165	11883	1516	20483	12497	1086	5992	4299	17225	12440	13748	7539	9063	6113	9902	983	52399	63122	9954	11009	5766	1841	8711	54022	8835	7610	4247	12737	26288	2168	22407	16582	19273	34326	36469	12400	7767	6727	21262	7363	6123	2193	13468	14853	5538	16037	8792
Betaproteobacteria	5009	26209	55559	49125	687	40661	8854	146832	68857	65626	34063	33263	70771	47825	73775	9029	103722	51685	84175	37912	58764	71080	9111	39956	95915	72702	105185	13186	96757	231674	15819	97317	6404	32628	5615	14482	10613	160663	68315	15750	13397	99346	29459	119786	79649	73603	142659	27866	149343	64416	11355	56963	50128	42779	9595
Zetaproteobacteria	40	31	41	5	78	24	42	65	11	42	5	117	15	11	15	21	57	34	40	20	21	6	32	2	103	20	27	72	16	6	38	23	92	20	10	13	36	4	100	73	28	58	102	72	11	15	16	41	12	29	79	50	28	43	43
Oligoflexia	30	48	197	56	20	220	134	142	32	119	12	161	68	51	50	43	192	167	60	101	96	30	327	43	224	175	46	187	43	14	130	100	121	127	96	39	87	55	168	151	128	215	272	146	83	163	115	88	30	78	241	228	50	78	163
Acidithiobacillia	7	16	55	4	1	34	65	29	6	70	1	54	28	6	5	9	40	20	33	33	35	1	41	9	38	10	32	15	12	2	32	32	29	20	17	11	46	10	24	11	125	49	88	48	23	12	5	36	3	11	48	35	25	31	13
Candidatus Lambdaproteobacteria	1	0	4	1	0	0	2	4	2	1	3	5	1	1	0	4	4	10	6	5	0	1	8	0	9	2	0	4	1	1	1	6	0	3	0	1	5	1	1	1	24	10	6	4	9	1	4	3	0	3	17	9	2	3	0
Candidatus Muproteobacteria	13	12	50	5	0	7	16	16	1	13	2	44	9	1	61	3	80	3	25	6	9	3	14	0	16	10	18	6	19	5	5	27	15	28	14	6	12	1	5	8	46	52	77	24	7	3	13	8	8	5	26	17	12	29	17
Hydrogenophilalia	13	24	61	6	5	38	44	28	9	97	9	100	26	5	11	12	68	90	79	41	13	11	38	6	31	15	25	17	14	8	16	33	27	23	15	14	48	10	13	11	75	88	125	60	20	28	29	46	13	5	48	65	33	37	30
Deltaproteobacteria	1254	15974	44948	30686	258	23671	35732	36592	6636	32277	26660	48726	14577	720	22879	14007	98855	21741	181945	16913	21665	10152	17193	35620	84204	17076	45154	3549	15513	23985	8445	32251	3128	30822	1324	7149	4574	24557	3199	2226	6996	36664	36015	37643	7566	10289	22154	46960	170005	68455	43361	30105	20707	29807	10894
Epsilonproteobacteria	358	237	968	176	225	9797	1218	567	324	584	158	747	456	608	391	329	838	561	234	315	444	591	4488	356	1418	1073	452	1408	288	118	680	463	502	1030	485	193	496	271	795	1108	680	1211	12957	2541	306	745	831	733	160	337	643	1194	1061	285	643
Fusobacteriia	189	536	575	245	9390	455	810	1040	2303	832	135	2258	387	51915	425	150	434	428	367	319	891	418	2030	9158	62436	556	824	1086	199	212	330	308	1260	41479	17098	129	1065	1472	4896	1513	487	615	540	289	343	401	481	459	33920	6712	711	6262	325	230	548
Nitrospira (203693)	27	72	329	24	8	248	187	191	61	124	23	306	130	72	280	88	290	206	112	91	145	365	175	25	198	82	116	256	87	46	144	148	145	119	62	40	170	34	94	227	295	231	348	103	103	201	61	133	24	39	143	178	52	90	146
Acidobacteriia	239	273	1157	572	26	673	745	472	185	577	56	1426	547	88	166	345	1191	464	984	447	759	698	794	48	702	321	564	819	300	198	424	595	607	483	198	299	808	164	652	391	1253	1024	1970	597	335	530	500	395	118	135	775	801	362	480	357
Holophagae	10	23	168	13	1	29	67	24	12	46	9	182	38	10	24	11	103	36	94	47	38	15	47	2	31	26	47	16	51	9	14	86	32	44	7	39	94	22	8	58	150	72	306	44	37	12	11	66	13	10	73	58	26	32	50
Blastocatellia	10	11	73	11	3	21	31	26	4	20	2	63	35	6	11	12	57	33	24	48	14	1	43	0	23	22	30	33	12	3	7	21	39	27	9	8	47	5	5	16	78	48	66	30	14	12	30	18	5	7	57	55	27	11	19
Thermoanaerobaculia	2	6	26	1	0	2	4	3	1	0	0	8	1	3	0	6	9	5	9	3	12	0	3	0	41	0	2	10	4	0	0	4	1	14	0	0	3	2	0	0	16	3	4	3	6	0	11	1	0	0	4	1	0	0	2
Vicinamibacteria	2	2	21	4	0	19	13	6	2	16	2	24	12	2	2	2	24	13	25	15	3	3	6	0	6	8	9	5	2	0	2	25	4	6	4	2	15	3	3	0	19	16	30	9	22	4	2	16	5	7	18	7	0	6	3
Dictyoglomia	0	0	1	0	0	11	10	0	0	15	1	2	4	21	1	1	1	15	0	8	38	0	8	1	6	6	25	5	6	0	4	1	1	1	12	1	0	0	24	1	3	49	2	0	0	0	0	0	1	1	6	2	0	1	1
Endomicrobia	0	0	6	0	3	11	5	3	2	3	0	3	0	12	5	0	7	5	1	6	2	1	1	0	6	4	0	2	1	0	0	1	0	0	9	1	3	3	11	2	1	6	6	3	1	0	0	10	0	2	8	17	0	4	0
Elusimicrobia (641853)	8	27	78	7	3	2817	83	28	7	48	23	71	46	3	13	4	43	4603	19	8	32	16	503	3	53	16	12	20	16	3	17	28	61	40	18	9	31	19	67	5	33	83	619	42	7	95	5	17	12	3	47	5951	29	19	15
Aquificae (187857)	4	9	34	4	5	19	90	73	17	19	3	53	18	23	8	10	32	21	10	14	14	21	77	12	33	10	16	48	8	5	16	12	19	24	22	7	5	33	33	43	25	33	54	14	29	14	12	12	2	212	57	34	11	7	22
Thermotogae (188708)	51	71	218	23	29	120	180	107	85	114	24	143	45	144	104	33	213	82	86	56	80	128	442	28	89	105	137	147	99	16	62	129	289	139	121	82	178	62	112	118	119	247	240	69	60	77	92	105	29	39	177	181	73	75	132
Deferribacteres (68337)	14	47	42	17	6	56	100	81	6	39	4	77	25	8	19	42	63	21	34	25	41	58	109	10	45	63	24	213	14	6	35	32	64	49	22	17	16	20	46	34	46	33	112	112	28	27	31	18	7	6	69	64	18	19	29
Chrysiogenetes (118001)	1	6	23	1	1	6	8	10	1	5	0	9	5	2	25	2	11	6	9	15	6	10	6	1	4	1	1	2	8	2	1	6	36	4	7	6	8	3	4	1	15	9	29	6	3	2	7	7	4	1	1	14	7	12	2
Thermodesulfobacteria (67799)	6	6	10	4	8	14	23	19	5	2	7	13	15	2	0	3	12	11	9	5	4	15	21	4	12	3	3	52	15	6	7	14	20	17	0	9	12	10	2	19	10	25	45	13	11	31	3	5	34	3	29	8	11	11	7
Spirochaetia	328	437	1974	282	249	40697	1756	1532	628	1087	153	2195	1137	436	901	423	1682	1535	805	704	919	533	68772	337	2294	1301	817	14796	551	164	1092	1393	1674	10784	655	592	1132	441	11572	1660	1610	1832	90033	966	682	1121	827	1066	229	842	2059	3049	623	627	1054
Synergistia	55	173	3064	47	32	141	4738	174	43	159	31	10864	146	30	171	57	418	144	1378	148	556	46	498	17	209	93	9269	104	90	74	154	241	440	474	1468	57	260	42	184	123	459	228	1967	172	124	57	308	104	1366	41	2450	169	135	156	159
Calditrichae	4	0	41	1	0	5	7	1	1	7	0	21	2	0	3	3	9	6	15	4	5	0	6	2	0	3	3	1	0	1	2	5	8	5	1	1	2	3	3	3	8	2	16	11	3	8	1	3	0	0	21	5	0	2	7
Coprothermobacteria	0	0	0	0	0	5	0	2	0	0	0	1	0	0	0	2	4	0	1	0	0	0	2	0	2	0	1	15	0	0	0	0	1	0	1	0	0	0	0	0	5	3	2	1	0	5	0	0	0	0	4	2	0	0	1
Spartobacteria	19	17	60	70	7	63	59	30	10	78	7	121	43	1	13	10	99	27	59	30	42	9	52	2	62	26	56	26	19	3	147	64	44	66	12	12	53	11	91	25	89	88	190	48	17	16	24	55	11	14	80	62	31	41	24
Verrucomicrobiae	1717	19388	241928	2653	15401	593	1472	119966	38773	1343	45089	384427	18654	539	762	195	6761	944	306142	12904	1244	499	1126	127	1074	12066	311882	490	94806	32388	893	185008	487	951	3913	20006	14537	6535	817	718	132407	50947	71924	493	4214	541	1306	1499	9542	1334	31069	3529	177453	6121	835
Opitutae	42	110	369	34	6	317	229	109	66	150	10	496	112	25	61	116	345	118	233	101	139	108	347	18	238	79	136	430	78	39	87	290	348	136	74	68	168	44	313	198	319	320	1564	140	83	199	458	203	33	25	246	300	64	136	101
Methylacidiphilae	4	12	48	2	1	2	6	8	0	6	1	17	1	0	0	5	18	5	8	0	23	0	10	1	7	5	6	19	6	1	1	19	5	11	4	0	9	4	4	18	21	8	9	3	3	4	0	8	6	2	9	8	1	2	6
Kiritimatiellae	0	1	9	0	0	2	6	1	1	0	0	13	0	0	0	2	0	0	5	5	3	1	2	0	0	0	11	0	3	0	0	2	0	0	2	1	9	0	0	0	12	3	41	0	0	2	1	0	0	2	5	2	2	1	3
Planctomycetia	135	96	426	62	22	356	348	226	79	261	23	710	338	59	222	219	544	330	405	173	330	76	341	13	294	244	247	347	127	49	99	359	244	300	75	102	297	74	547	337	740	576	1037	284	129	154	185	233	58	80	473	353	179	245	219
Phycisphaerae	38	83	278	110	17	174	244	98	36	179	15	337	88	34	64	42	269	105	206	169	131	50	184	29	116	96	172	82	182	42	65	198	133	121	47	32	208	41	180	108	415	293	643	159	75	95	88	124	46	30	227	183	112	172	89
Candidatus Brocadiae	3	5	7	1	7	14	14	8	3	0	0	15	4	4	12	10	12	15	2	4	9	0	14	1	10	7	4	29	7	6	3	16	63	5	8	5	12	2	12	14	8	79	17	8	10	26	12	7	4	9	28	22	5	7	2
Chlamydiia	31	37	354	114	19	467	968	84	98	537	29	241	131	55	504	563	189	103	69	145	214	429	1262	39	986	202	260	721	34	45	287	55	818	285	40	230	238	42	638	1110	2737	315	333	236	64	1894	143	922	51	264	223	235	191	40	2473
Lentisphaeria	25	118	2984	32	23	566	242	142	27	97	17	15319	3029	27	47	87	1144	1025	548	98	178	45	517	12	133	2365	132	120	5824	30	2165	50832	168	12489	46	836	199	34	109	57	313	1524	66617	15105	126	254	103	133	85	58	248	7072	25	94	73
Fibrobacteria	134	92	353	55	18	483	218	179	69	381	40	415	209	48	87	249	341	320	178	205	304	375	499	18	525	132	144	637	95	37	392	191	183	404	53	68	252	48	467	347	455	413	551	256	142	335	287	505	57	86	306	454	79	219	256
Gemmatimonadetes (219685)	31	47	135	5	2	94	124	47	48	100	7	183	77	7	28	21	135	46	121	43	150	37	104	4	162	36	110	74	45	14	38	115	78	63	24	37	93	26	151	79	154	146	347	98	42	27	79	43	20	16	97	87	31	65	64
Bacilli	59898	26001	56772	80670	48951	34142	165657	55956	112051	28004	38849	50643	20524	75958	23299	19774	36560	120291	34721	35876	86249	26827	66402	66264	58621	73250	38657	178209	37525	44427	58093	52060	106246	42740	90096	28383	69103	30040	53990	141911	55010	171709	48813	58949	127449	34380	55777	81753	102001	540690	41650	37298	38638	86938	95336
Clostridia	4787807	3725296	7284746	10067595	5038392	3065435	4925765	6848966	7700367	4409859	5518464	4400412	3174994	3973954	4908169	832487	6144730	4394744	5047761	7658761	7853585	3203251	3876148	6482941	4160910	9425538	5772230	1713898	3619538	3695207	3319977	9597643	11061482	3449963	3505082	3674803	12600018	5036589	3646655	2162881	6733488	8100785	3249165	4564363	8479566	1745914	4688590	6480955	3165616	5230128	7042804	4624567	4683630	5995416	3683210
Erysipelotrichia	261585	76348	76533	86246	82804	102141	427750	51353	229795	41898	33832	203736	80858	69603	168030	27765	181947	74404	26949	121614	19535	110923	247658	47853	108762	70351	121871	248456	67464	18631	111979	75026	817657	141999	44697	119063	119039	110781	212343	315742	185949	221273	58235	155009	48380	83654	99270	389298	17603	441472	98892	208776	265802	28627	347713
Negativicutes	124141	116944	93389	766717	158404	49008	890682	90910	76840	137076	148856	203418	65999	33235	170540	428608	10787	54466	17624	58490	680650	138839	125509	138110	171017	97088	85477	363090	261290	155833	52004	193985	8781	142429	157289	31618	116617	74765	70976	169671	48490	74916	128062	126226	185536	121534	488572	31146	430716	181632	234804	104436	294010	37363	53944
Limnochordia	7	15	37	6	1	9	25	11	3	11	2	30	5	5	8	4	26	35	17	11	9	5	21	0	14	4	25	2	11	3	23	13	8	7	4	4	27	1	16	5	37	47	35	28	9	3	3	18	4	2	35	23	11	11	9
Tissierellia	284	610	648	371	189	414	1223	1147	1098	307	436	669	287	512	688	324	943	298	269	318	322	211	2246	253	522	374	307	712	181	428	183	387	1126	407	1335	197	615	324	238	695	707	422	653	609	311	504	358	834	156	376	1113	1063	571	349	844
Deinococci	88	129	497	119	11	161	323	160	51	187	19	631	210	18	72	106	525	231	518	205	274	97	242	11	181	125	283	203	164	43	114	251	256	115	53	107	431	55	119	99	663	456	871	269	175	124	288	201	48	55	403	319	198	251	103
Chthonomonadetes	1	11	4	5	2	8	16	4	4	6	1	14	19	0	4	4	40	30	21	14	32	2	10	0	15	8	19	13	9	1	28	19	64	23	8	8	11	1	13	8	28	8	87	9	6	3	34	16	5	5	21	13	14	3	11
Chloroflexia	17	45	184	14	17	64	91	66	37	71	12	158	46	16	36	16	134	44	116	50	49	18	85	14	69	33	48	98	39	10	78	118	60	55	19	34	109	17	82	34	136	120	184	130	47	14	26	57	17	31	113	70	36	60	30
Thermomicrobia	5	8	20	0	0	5	30	13	3	15	2	24	18	1	1	7	18	7	15	8	13	3	12	1	33	10	7	7	2	1	7	7	27	3	2	3	12	1	66	57	11	14	57	13	8	1	4	7	1	2	16	20	7	4	14
Anaerolineae	183	202	1046	61	39	297	533	475	154	431	57	851	246	61	152	128	955	331	545	426	478	108	529	50	239	315	373	309	486	78	202	464	384	181	101	173	570	135	191	222	952	571	990	360	227	160	194	357	66	163	610	503	203	384	233
Dehalococcoidia	72	97	329	35	20	118	258	159	66	141	79	458	150	43	80	102	433	151	257	204	139	77	247	12	198	94	161	352	109	32	103	244	181	125	61	79	292	39	128	186	383	283	523	140	88	144	120	135	32	52	306	249	120	135	131
Ktedonobacteria	14	18	80	21	5	69	43	49	9	65	21	56	7	9	16	20	62	37	56	30	44	7	55	18	65	19	25	51	18	8	49	65	38	24	20	12	74	8	53	5	46	57	62	60	28	21	71	49	8	9	42	38	10	41	17
Caldilineae	8	4	45	4	1	39	45	20	6	6	11	79	19	3	99	12	77	11	108	26	15	108	30	1	13	7	13	32	15	21	13	29	12	5	6	22	83	4	187	41	31	156	90	34	21	9	14	6	8	4	58	30	7	32	16
Ardenticatenia	0	1	11	0	0	2	3	7	0	0	1	9	3	0	2	0	6	1	8	5	17	2	7	0	2	3	1	7	6	0	12	3	3	2	6	1	7	3	1	0	15	6	13	4	2	10	0	2	0	1	10	8	0	1	0
Thermoflexia	4	2	9	2	0	3	13	3	0	3	0	5	4	1	1	1	19	5	14	5	7	1	3	0	5	0	4	1	7	0	0	5	7	1	5	5	18	6	3	1	13	6	13	3	5	2	2	1	1	1	11	11	1	2	4
Actinobacteria (1760)	12555	239577	240975	49747	133218	11854	1169685	17074	205826	431926	630604	278650	10836	35981	11264	14410	35353	18399	196356	18136	336140	7983	14375	156991	14181	27282	340505	124899	136550	634254	12823	86516	789192	12363	36211	64338	1384519	15890	12039	47481	542483	71982	60840	30777	78519	13509	62890	16711	315165	185944	37527	28931	489288	153286	172460
Acidimicrobiia	79	152	483	126	19	316	607	346	100	291	33	811	194	28	226	155	584	252	600	266	435	49	264	64	300	171	373	340	196	101	137	229	284	335	91	120	501	88	293	178	803	622	1107	356	174	181	115	171	118	68	427	421	190	311	189
Rubrobacteria	14	11	71	7	0	16	64	43	7	40	2	58	42	3	5	5	147	25	66	39	18	23	21	2	9	5	63	5	44	5	9	27	94	4	47	15	100	19	5	17	147	54	116	39	27	8	95	27	10	3	39	18	25	31	15
Coriobacteriia	32496	214027	141999	61698	29037	101133	436209	13340	56997	101085	33910	327623	44062	2537	68618	92791	37517	82518	316266	38481	167388	23903	72551	23604	59953	59377	58542	150834	262038	257762	41016	73721	39278	37413	120177	50784	89805	163495	106353	186528	137194	89288	446208	60043	196066	79395	54649	107189	559011	195637	141885	131941	106175	162420	266310
Nitriliruptoria	8	4	46	48	1	10	42	11	5	22	2	96	27	21	3	17	67	27	40	17	25	5	16	1	33	11	35	30	19	6	5	15	28	9	1	3	30	5	0	11	57	36	101	36	13	5	115	10	7	2	31	30	19	20	14
Thermoleophilia	33	32	137	13	25	63	94	89	21	49	4	213	80	6	21	19	129	72	174	72	90	21	97	8	62	59	158	30	57	14	32	65	52	55	21	34	125	24	24	14	251	190	404	151	48	31	34	69	20	13	127	88	72	94	47
Mollicutes	114	121	213	138	36	363	628	390	157	149	59	1504	185	186	193	74	251	1197	85	550	212	113	6266	125	338	212	130	283	232	44	331	195	1188	2874	192	154	201	126	121	317	3023	1869	5141	351	113	350	152	406	61	571	787	5645	226	96	367
Nitrospinia	2	7	58	5	1	7	24	13	3	25	2	47	4	7	9	9	23	119	39	5	36	1	35	0	5	4	23	61	11	9	8	27	21	30	6	12	13	8	9	17	40	29	66	9	7	9	1	19	2	5	36	43	3	13	11
Caldisericia	0	0	0	0	0	0	0	0	0	0	0	0	0	0	0	0	2	0	0	0	0	0	0	0	0	0	0	0	0	0	0	0	0	0	0	0	0	0	0	0	0	0	0	0	0	0	0	0	0	0	0	0	0	1	0
Candidatus Cryosericia	3	0	4	0	0	64	7	4	1	8	0	3	1	0	2	18	9	5	3	3	0	1	6	0	1	2	4	82	1	3	2	3	8	0	0	0	5	3	2	5	3	1	5	23	4	2	1	0	0	0	2	6	0	1	1
Candidatus Peribacteria	1	9	26	15	0	43	7	12	3	3	2	7	11	3	2	5	11	5	15	9	6	163	20	0	54	13	4	19	9	8	41	22	6	10	2	3	9	3	0	23	12	13	30	5	9	28	31	4	4	11	17	96	2	10	5
Flavobacteriia	774	1282	2456	1384	1141	7794	2760	2141	1283	3879	432	2597	2951	1149	2325	2667	3349	2967	967	1646	3598	6220	7224	1145	5768	2160	1076	9847	830	672	4730	2785	2760	4233	1141	894	2014	1266	6109	4431	1894	5983	3266	4617	968	8059	3081	3330	692	979	2634	5906	1099	737	2692
Sphingobacteriia	397	768	931	476	558	2180	740	705	349	1179	181	806	1129	320	661	842	1125	761	420	541	956	2646	2466	607	2402	694	284	2904	228	311	1773	1664	743	986	408	226	709	406	2183	1505	535	1191	1086	964	430	2454	1308	1005	177	427	865	1920	318	264	795
Bacteroidia	5115898	6198579	3503382	5468594	8899996	5268529	471044	4146357	3656130	4754207	3554944	1266689	4495649	4244079	9024094	3215331	3227767	5245052	1972860	4915720	4538633	8657690	2464538	9596969	6450640	3364960	2744780	5340812	4908089	3623547	7588410	6531318	1970356	7098033	3709783	4112979	4178506	3989766	6857097	9747964	3332032	5179639	1248290	3091412	3461088	5244997	4510636	6294528	8383723	3209274	2411393	6094181	3208157	3176131	4479254
Cytophagia	242	364	1166	450	309	2958	961	974	415	2107	126	1322	1447	269	927	1095	1919	1321	859	644	1089	2263	2274	422	2998	567	519	3317	609	261	2181	1397	1005	1575	375	352	793	340	3265	2101	1068	1773	1629	1129	337	2713	1758	1404	296	477	1203	2004	658	422	1016
Chitinophagia	95	496	671	297	196	1894	533	446	138	995	77	780	994	116	655	710	1014	1212	312	279	1541	1036	1454	201	1805	313	262	2303	234	68	1148	1243	542	1034	296	216	479	242	1625	1458	600	722	814	869	225	2092	865	794	144	154	592	1476	239	255	775
Saprospiria	29	130	174	107	21	335	84	56	46	188	128	113	149	29	35	105	138	133	140	83	186	372	252	24	191	42	65	373	26	15	426	244	351	166	40	55	173	29	405	541	95	149	229	187	77	239	182	129	29	52	108	189	34	51	183
Chlorobia	20	11	88	20	5	41	75	54	12	74	5	247	67	7	30	15	60	68	89	42	43	6	128	4	62	81	44	51	17	4	79	70	63	130	26	17	29	31	62	57	60	108	164	90	37	20	56	49	16	10	79	52	24	38	62
Ignavibacteria	29	38	197	62	20	261	180	179	49	168	75	202	119	53	73	67	138	138	36	99	210	34	368	32	351	80	45	216	63	80	152	91	187	235	61	39	58	43	630	364	131	795	271	92	55	254	168	176	33	52	243	275	87	62	197
Rhodothermia	15	7	12	0	0	21	23	10	1	26	0	72	18	1	0	8	42	27	20	14	21	3	12	2	30	3	18	18	11	0	18	6	17	5	3	8	20	1	44	0	46	27	124	18	3	9	3	7	4	2	29	37	12	12	4
Balneolia	5	10	82	10	4	23	81	18	7	8	7	18	27	15	37	10	26	5	4	9	6	2	123	18	141	18	30	39	5	3	16	19	48	90	26	9	10	14	48	9	18	29	29	8	3	15	2	51	12	11	7	23	7	7	14
Gloeobacteria	3	12	15	0	2	5	37	10	5	7	0	21	5	0	0	2	15	13	15	14	6	2	10	0	5	3	35	32	4	9	19	2	7	7	2	6	6	2	7	12	50	19	24	14	6	2	1	4	2	1	14	22	11	5	6
Candidatus Riflemargulisbacteria	4	3	15	1	2	14	16	4	0	52	0	42	6	2	1	0	12	4	1	2	2	1	12	1	1	1	1	4	0	0	1	0	20	13	0	0	2	1	22	6	6	4	6	3	1	3	1	2	3	1	12	13	15	3	1
Candidatus Sericytochromatia	0	7	12	1	0	2	5	9	0	9	0	12	2	1	0	0	7	2	17	3	2	3	4	0	0	1	4	0	4	0	0	3	3	0	3	0	19	0	3	0	7	10	9	2	2	2	0	2	1	3	6	2	2	9	3
Candidatus Babeliae	1	1	0	1	1	0	1	0	1	7	1	1	0	0	1	1	0	0	1	1	2	0	5	0	0	0	1	0	2	1	0	0	0	0	3	2	0	1	1	0	0	0	0	0	1	1	1	0	0	0	0	14	2	0	0
Thermococci	5	8	56	28	2	49	30	48	16	16	2	54	36	19	6	20	48	11	28	7	11	14	31	7	64	23	30	57	42	22	12	19	42	26	7	11	205	15	83	29	44	27	66	31	19	13	89	123	1	34	28	48	7	12	23
Archaeoglobi	0	2	24	7	0	23	15	8	0	10	0	6	7	4	1	3	10	4	2	4	14	0	9	2	8	4	20	9	3	5	7	6	11	21	4	2	7	2	9	1	10	7	13	4	8	8	1	20	0	2	11	28	8	2	3
Methanopyri	0	1	2	3	0	1	0	0	2	0	0	1	0	46	0	0	5	2	1	1	0	0	0	0	0	0	0	0	1	0	0	0	0	0	2	0	1	2	0	0	1	2	1	2	2	0	0	0	1	0	0	0	1	1	0
Hadesarchaea	0	0	0	0	0	1	1	0	0	1	0	2	1	0	0	0	0	1	6	0	0	0	2	0	0	0	0	1	0	0	0	0	0	0	0	1	0	0	0	0	0	0	10	12	0	5	0	0	0	0	1	8	0	0	0
Candidatus Methanoliparia	0	0	0	1	0	0	0	1	0	15	0	1	0	0	0	0	0	0	2	0	0	0	1	0	0	0	0	0	0	0	0	1	0	1	2	0	0	0	0	0	1	1	3	0	0	1	1	1	2	0	0	0	0	0	0
Methanobacteria	426	145	983	173	85	321	88968	3463	339	304	49	87111	263	382	214	140	137558	260	80	191	229	106	16283	210	224	230	245	883	214	152	234	230	367	339	209	351	173	113	274	286	303	506	9976	292	1137	475	332	327	76	145	326	9134	314	127	209
Methanococci	14	6	8	5	7	41	80	32	24	10	6	14	16	17	5	13	14	21	10	10	3	14	69	18	40	10	14	33	1	6	14	12	100	20	11	3	57	13	18	62	5	9	14	7	9	19	9	27	5	18	40	45	11	7	29
Thermoplasmata	18	30	207	14	6	112	173	111	62	106	13	379	48	25	211	42	186	70	230	78	214	25	149	6	88	76	78	118	65	62	81	86	141	201	53	72	94	38	82	96	489	270	248	145	68	70	75	106	21	39	234	148	53	110	91
Candidatus Poseidoniia	6	27	139	29	34	100	163	151	10	21	62	200	89	34	183	25	159	125	56	41	91	50	225	106	98	149	81	126	21	10	190	297	125	264	72	9	77	21	212	250	139	126	156	127	52	140	112	101	11	47	138	121	60	22	118
Halobacteria	159	228	748	121	30	331	766	337	183	453	70	1417	399	25	121	157	841	373	869	391	369	138	402	25	288	216	581	325	285	83	214	461	530	339	107	137	853	91	319	236	1221	692	2493	487	292	168	375	414	126	130	648	467	278	386	296
Methanomicrobia	75	161	600	70	63	443	366	263	187	173	122	662	213	83	122	71	607	286	299	244	348	85	421	64	302	159	194	359	244	49	258	292	377	323	129	98	290	115	288	472	467	299	1075	407	173	229	223	289	54	70	584	545	130	141	237
Candidatus Methanofastidiosa	0	0	3	0	0	1	0	0	0	0	0	0	1	0	0	1	0	1	6	0	0	0	0	2	0	0	0	1	0	0	0	0	0	0	2	0	0	0	0	0	0	0	2	0	3	1	0	2	0	0	0	0	0	0	0
Nanohaloarchaea	0	0	1	1	0	4	0	0	0	2	0	2	9	0	0	0	2	1	0	0	1	0	1	0	6	0	0	0	0	0	1	0	2	1	0	0	1	0	9	6	9	1	2	6	0	0	0	4	0	5	3	9	1	0	2
Thermoprotei	12	18	139	14	4	89	98	40	21	38	2	86	79	26	23	8	100	45	52	30	92	9	121	11	42	74	25	24	19	5	41	60	42	62	34	19	46	8	17	42	87	57	118	70	57	74	22	56	2	13	114	76	20	21	40
Nitrososphaeria	8	14	8	0	1	44	39	31	5	95	0	37	29	1	2	20	12	42	2	30	8	1	21	0	25	4	10	46	2	2	40	10	9	4	20	2	6	6	7	3	13	17	23	24	2	31	55	135	5	0	28	11	3	4	1
Candidatus Methanomethylia	0	0	7	0	0	3	2	3	0	0	0	2	0	0	0	0	2	3	6	1	2	0	0	0	1	0	2	0	1	1	0	0	1	0	0	0	3	0	0	0	10	0	1	1	1	0	0	1	0	0	0	1	1	2	0
