ERR2840913	ERR2840898	ERR2840915	ERR2840901	ERR2840908	ERR2840936	ERR2840926	ERR2840892	ERR2840903	ERR2840906	ERR2840893	ERR2840925	ERR2840934	ERR2840910	ERR2840940	ERR2840924	ERR2840894	ERR2840937	ERR2840897	ERR2840914	ERR2840890	ERR2840928	ERR2840922	ERR2840911	ERR2840929	ERR2840912	ERR2840888	ERR2840923	ERR2840916	ERR2840909	ERR2840939	ERR2840895	ERR2840917	ERR2840938	ERR2840896	ERR2840889	ERR2840900	ERR2840904	ERR2840941	ERR2840919	ERR2840902	ERR2840942	ERR2840921	ERR2840935	ERR2840899	ERR2840932	ERR2840930	ERR2840933	ERR2840905	ERR2840891	ERR2840927	ERR2840931	ERR2840918	ERR2840907	ERR2840920
Caudovirales	547	165063	3305	1232	620	222	2661	3920	16826	354	845	960	262	7907	1693	4049	1204	1863	930	738	1836	595	391	430	3673	3203	3439	17533	678	6564	2595	43248	15296	1344	5851	28604	45874	15225	497	560	2683	1009	8530	4249	20702	418	26528	5472	187	18879	388	3499	1756	594	321
Herpesvirales	0	0	7	2	2	7	6	2	2	2	0	8	3	0	2	0	4	1	0	2	1	0	2	0	5	2	2	5	1	0	3	0	1	1	6	1	0	0	1	1	2	4	10	6	1	2	3	1	0	1	3	9	0	3	4
Ligamenvirales	3	0	1	0	0	0	0	0	0	0	0	0	0	0	0	0	0	0	0	0	0	0	0	0	0	0	0	0	0	0	0	0	0	0	1	0	1	0	0	0	0	0	0	0	0	0	0	0	0	0	0	0	0	0	0
Ortervirales	0	0	0	0	0	1	1	0	0	0	0	2	0	0	0	0	3	0	0	2	0	0	22	0	0	0	0	0	0	0	0	0	0	0	0	0	0	0	0	0	9	4	3	0	2	0	0	0	0	0	2	0	1	2	1
Nidovirales	0	0	0	0	0	1	2	0	0	1	0	0	0	0	0	0	0	5	0	0	1	0	0	0	1	0	0	0	0	4	9	2	0	9	0	0	0	0	10	0	0	0	4	2	0	1	0	0	0	0	1	1	0	0	0
Picornavirales	0	0	0	0	0	0	0	0	0	0	0	1	0	0	0	1	8	6	3	0	0	89	0	0	42	0	0	4	1	0	5	34	1	140	0	1	0	0	28	0	0	0	1	0	0	1	16	2	0	0	0	2	0	1	0
Tymovirales	0	5	0	0	0	0	0	0	0	0	0	0	0	0	0	1	0	1	0	0	0	0	6	0	0	0	0	32	0	0	0	0	0	0	0	0	0	4	0	0	0	0	0	1	0	22	0	0	0	0	0	0	0	0	0
Mononegavirales	1	0	0	0	0	0	0	0	0	0	0	1	0	0	0	0	5	0	0	0	0	0	0	0	0	8	0	1	0	1	0	0	0	0	0	0	1	0	0	0	1	0	0	2	0	0	0	2	0	0	0	0	0	0	0
Bunyavirales	0	0	0	0	0	0	0	1	6	0	0	1	0	2	0	0	1	0	0	1	3	0	1	0	0	0	1	1	0	1	1	0	2	0	3	0	2	0	0	1	3	1	1	0	0	0	0	0	1	0	1	0	0	1	0
Articulavirales	0	0	0	0	0	0	0	0	0	0	0	1	0	0	0	0	0	0	0	0	0	0	0	0	0	0	0	0	0	0	0	0	0	0	0	0	0	0	0	0	0	0	0	0	0	0	0	0	0	0	0	0	0	0	0
Primates	175	296	713	411	122	841	789	523	300	529	148	691	658	325	377	199	704	544	218	378	565	765	981	336	901	684	328	806	310	89	769	595	794	723	375	524	464	255	934	1154	413	778	771	1129	306	672	1183	515	77	141	734	935	519	218	641
Chytridiales	0	0	6	14	17	3	9	17	6	11	1	13	2	0	2	1	6	7	12	1	14	6	16	0	5	17	6	28	2	2	19	1	11	3	2	2	16	1	7	21	13	9	22	16	7	8	0	4	0	1	10	13	1	7	1
Spizellomycetales	9	4	14	3	1	41	15	50	15	12	13	35	15	7	0	15	15	15	10	24	6	1	44	3	13	14	12	33	95	2	24	14	28	8	4	11	14	3	1	4	28	15	24	20	8	1	1	7	2	2	24	18	3	8	5
Rhizophydiales	3	5	56	4	20	16	24	14	5	21	31	87	16	7	10	44	20	40	5	9	12	0	33	15	14	25	17	102	11	5	18	16	40	11	17	5	26	5	51	12	14	44	19	14	25	57	17	14	7	21	49	27	3	7	4
Rhizophlyctidales	1	2	14	0	0	1	19	5	4	0	0	10	8	0	1	3	50	19	15	1	5	108	17	0	12	4	5	16	4	1	15	7	1	6	1	2	4	6	89	2	8	20	15	15	3	5	0	2	0	4	29	20	5	4	5
Caulochytriales	4	8	31	6	0	10	16	4	4	14	0	30	7	23	4	3	16	8	22	28	15	5	4	0	12	4	22	9	6	0	5	20	7	4	0	4	22	0	1	4	81	30	71	30	15	2	4	5	8	2	26	9	19	21	11
Synchytriales	2	6	18	1	0	34	12	5	3	6	2	11	24	2	0	8	17	4	14	4	12	1	27	0	41	6	3	9	1	0	1	13	2	3	3	8	11	3	50	56	11	10	21	4	13	13	36	5	1	0	38	36	4	1	26
Monoblepharidales	0	4	3	2	1	13	9	12	4	14	1	6	4	6	3	5	5	4	2	1	3	0	11	0	3	4	0	52	2	0	3	1	1	1	3	4	5	4	4	12	5	9	79	2	4	0	63	3	1	7	14	15	1	0	6
Neocallimastigales	27	42	32	5	33	102	86	83	38	71	2	47	45	41	8	7	48	23	15	7	72	40	59	34	64	32	16	74	56	4	107	42	77	50	44	53	38	35	88	155	25	39	75	31	42	46	91	100	24	14	18	151	35	23	86
Blastocladiales	1	12	41	2	0	34	26	9	5	33	0	57	40	6	6	4	33	32	26	14	52	2	45	3	11	9	22	11	12	3	6	15	60	11	8	5	24	3	28	14	14	70	93	37	11	45	11	24	4	13	12	49	19	23	8
Glomerales	184	234	350	176	46	824	586	298	238	355	36	389	292	294	496	134	249	595	84	181	801	547	581	178	727	376	169	388	294	95	597	205	562	865	259	177	332	213	607	552	305	422	412	598	142	814	610	379	110	145	396	871	255	134	457
Diversisporales	213	341	448	150	94	1016	763	387	419	429	67	504	441	341	439	141	403	521	155	248	528	791	726	287	1092	656	317	460	114	47	719	535	700	634	382	266	579	216	721	727	350	646	644	686	219	977	574	540	86	301	428	1153	184	159	418
Endogonales	0	1	3	1	0	0	2	6	4	0	0	4	3	0	2	4	13	4	0	1	0	0	3	0	1	0	0	11	2	0	1	6	2	2	1	1	0	0	0	0	0	1	6	6	3	1	0	0	0	1	1	4	1	0	0
Mucorales	87	291	492	141	122	819	774	385	206	481	61	375	311	232	372	123	416	415	195	229	274	522	845	59	716	491	226	608	132	32	838	294	380	526	282	101	504	121	568	634	407	614	585	548	198	598	411	420	142	105	475	1272	187	109	390
Mortierellales	7	19	39	5	22	21	42	34	11	41	0	44	76	9	31	14	25	27	7	13	27	59	157	21	130	68	12	37	7	2	40	10	15	50	12	7	27	25	169	57	111	54	35	80	24	19	54	68	26	1	36	85	8	11	27
Zoopagales	8	13	40	19	17	52	47	22	7	11	60	125	121	9	62	31	37	15	16	30	66	31	94	17	64	27	41	51	18	3	111	66	9	63	8	13	30	7	49	55	39	36	97	106	33	61	19	145	2	21	38	70	11	27	33
Kickxellales	2	2	3	0	0	4	7	19	2	3	1	29	15	0	2	0	2	5	1	10	9	3	14	0	35	0	1	3	10	0	2	4	56	3	1	2	2	7	41	49	2	19	14	4	1	4	3	3	0	4	9	2	4	1	19
Dimargaritales	4	1	8	0	0	3	0	3	4	0	0	12	26	1	0	2	3	1	1	2	3	2	11	0	20	2	2	14	0	1	1	3	23	1	39	1	3	0	0	9	4	27	4	5	0	4	2	11	2	2	11	12	2	5	5
Harpellales	20	92	127	86	29	289	306	118	136	177	28	260	141	139	104	76	154	192	75	74	243	93	285	109	344	171	67	356	96	27	315	105	158	448	122	44	161	90	214	386	93	255	274	224	76	220	343	145	17	71	253	457	196	30	204
Entomophthorales	61	178	320	95	41	307	169	275	89	117	20	201	184	67	101	103	263	113	87	118	424	238	398	103	396	206	117	352	62	29	263	239	134	231	103	58	186	68	321	357	116	176	231	207	72	312	197	163	14	56	188	455	118	53	214
Schizosaccharomycetales	3	6	6	7	7	25	32	12	8	13	0	20	17	3	5	13	15	13	4	5	5	16	22	4	22	4	5	32	3	1	21	12	34	15	8	5	6	2	18	7	9	4	36	13	5	4	9	12	1	5	9	16	4	1	6
Taphrinales	6	1	18	31	58	21	33	13	7	3	0	45	33	8	29	4	20	18	6	30	14	1	25	0	8	20	3	5	50	4	11	21	20	25	3	6	27	3	4	81	24	20	69	64	19	11	117	49	9	12	16	40	4	4	41
Neolectales	0	2	17	0	0	2	0	16	0	1	0	2	0	2	6	5	6	0	4	0	1	0	1	0	14	1	0	1	0	3	3	1	2	1	0	2	1	1	2	1	0	0	2	0	0	1	0	3	0	1	11	3	2	0	0
Saccharomycetales	555	1282	2746	1138	827	4031	3554	2420	1377	2090	338	3354	2465	1398	2770	1213	2626	2757	1379	1563	4716	2977	5345	593	4076	1821	1464	5103	1399	568	3101	2183	3311	3591	1136	813	1820	951	4777	4164	2306	4128	4103	2730	1188	3930	2883	2171	460	1758	3143	4648	1343	1046	2502
Pezizales	55	104	391	163	40	505	371	291	128	298	23	438	345	116	302	156	270	347	167	155	690	169	393	85	539	265	91	520	85	61	433	393	202	790	73	117	264	121	607	462	269	544	404	306	196	414	444	166	40	115	367	585	94	105	233
Orbiliales	79	75	191	24	3	219	162	74	35	88	8	145	110	57	166	81	107	107	62	128	158	160	180	125	284	81	62	212	136	19	308	110	165	174	44	41	65	41	171	157	129	206	153	190	49	97	117	105	54	34	155	254	51	68	103
Chaetothyriales	70	172	439	139	160	401	336	162	117	352	31	432	193	50	301	70	446	268	159	282	446	313	313	47	245	255	351	203	216	23	206	264	268	334	73	80	313	70	327	252	343	631	602	374	130	151	216	202	434	41	368	318	94	134	163
Verrucariales	0	6	28	4	7	30	42	5	3	33	0	17	50	27	8	7	9	14	9	3	164	12	26	10	5	44	3	8	2	3	14	14	3	9	2	3	21	6	40	4	3	59	22	47	25	40	2	15	3	948	14	29	10	6	6
Phaeomoniellales	11	7	20	0	0	37	6	5	3	4	0	9	9	2	4	3	4	37	7	19	4	44	37	0	24	6	19	41	4	5	21	50	12	8	0	2	7	0	33	6	13	38	14	29	5	22	8	55	2	4	30	27	5	4	4
Eurotiales	278	405	1435	606	235	2140	1666	878	336	1281	138	1605	1124	455	1034	600	1298	1272	845	655	1539	1442	1639	241	2036	709	647	1909	503	168	1742	912	1366	1340	424	501	874	408	2337	1783	5297	1828	1818	1354	653	1279	1165	1005	307	223	1415	2381	716	463	1056
Onygenales	132	87	197	174	68	608	366	199	101	281	131	450	245	114	186	104	324	212	160	173	482	831	647	69	711	204	173	353	114	76	413	317	421	226	121	75	334	116	776	658	271	496	430	368	156	393	393	274	61	206	300	573	106	86	349
Ostropales	1	0	11	1	3	1	9	12	0	1	0	11	0	8	2	3	6	2	1	1	3	0	8	1	1	0	0	1	1	0	1	8	12	2	1	2	7	2	1	2	2	7	13	7	0	2	3	11	1	2	15	9	1	1	0
Lecanorales	20	49	66	61	58	80	97	50	53	67	6	95	54	30	93	26	64	89	55	38	44	117	121	15	114	135	18	42	30	9	110	69	76	70	58	17	88	15	196	292	68	95	118	89	25	44	36	64	8	10	116	134	25	23	170
Teloschistales	1	4	13	8	1	36	40	16	1	2	0	20	20	54	7	12	3	9	5	1	4	1	34	0	20	15	16	7	1	1	7	3	5	23	23	2	5	3	10	7	3	14	12	16	30	1	3	23	1	35	25	40	1	1	7
Umbilicariales	7	6	24	9	3	36	30	16	8	29	0	76	12	14	5	2	32	16	81	9	5	6	41	3	9	21	21	27	8	2	5	12	36	17	6	3	12	0	47	100	21	46	80	60	3	11	48	13	12	1	83	37	6	33	59
Geoglossales	377	567	2008	373	153	1610	1479	1035	383	1266	145	2386	1025	203	471	541	2165	1344	1682	1075	1409	1220	1432	280	1766	682	1175	1752	620	286	1006	1490	1221	902	267	424	1667	323	1512	1299	2129	3666	4002	1794	624	1488	1000	966	296	472	1583	1614	822	889	851
Xylonales	2	10	17	8	2	8	2	3	2	22	2	4	3	1	1	0	5	3	2	2	1	0	7	1	6	5	12	2	0	3	4	0	2	9	6	13	16	6	3	1	8	14	9	2	5	0	1	0	10	2	4	2	2	1	22
Symbiotaphrinales	1	8	22	2	3	1	1	3	3	2	1	4	1	1	2	1	9	7	15	3	5	3	12	2	1	0	1	3	1	1	2	8	10	1	2	2	8	0	2	2	2	14	5	4	4	5	6	3	1	0	4	8	4	3	6
Arthoniales	3	2	7	10	1	114	40	8	2	12	0	32	6	3	0	5	7	13	4	3	7	66	23	1	92	1	18	48	3	0	116	4	1	42	8	6	23	3	5	33	9	19	8	3	3	55	8	2	0	1	13	146	0	1	21
Patellariales	1	2	3	4	6	10	21	9	3	22	0	26	35	11	5	1	15	16	6	6	15	6	22	1	21	12	12	2	6	2	2	9	61	22	4	7	11	2	21	45	32	46	49	16	5	10	11	10	5	1	25	30	25	7	21
Botryosphaeriales	20	62	234	45	18	417	349	162	33	285	17	563	129	35	85	165	210	314	214	170	319	242	264	33	388	174	145	318	71	39	260	169	324	242	86	52	264	59	354	209	414	410	504	271	94	265	238	151	36	33	322	398	130	124	216
Microthyriales	0	0	12	4	0	10	3	3	0	29	1	7	0	6	4	9	21	7	3	1	6	24	11	0	12	5	6	13	2	0	1	11	2	6	2	4	4	1	27	1	11	5	15	6	1	4	2	14	4	5	7	16	7	3	4
Trypetheliales	2	1	8	1	0	4	3	2	2	20	1	9	2	2	3	0	3	2	0	2	1	10	6	0	7	2	4	25	2	6	0	8	9	4	11	1	8	0	6	9	8	6	5	10	0	1	1	6	2	11	10	24	8	2	2
Acrospermales	2	4	7	0	1	4	6	5	1	0	0	2	0	2	2	0	5	1	12	8	6	2	6	2	11	12	7	0	10	1	16	0	2	8	0	0	15	2	7	2	13	4	7	5	0	0	0	6	4	0	0	3	1	4	2
Venturiales	92	39	141	140	23	257	161	98	43	134	15	252	130	47	78	51	161	62	83	93	191	34	306	27	208	54	51	158	76	32	151	74	153	207	45	40	140	54	215	77	176	164	237	175	62	190	124	182	14	46	164	184	137	50	74
Phaeotrichales	3	4	6	0	5	15	11	2	3	0	0	10	15	0	1	2	11	3	6	1	1	0	32	2	2	6	1	2	4	1	2	1	9	6	0	0	10	0	0	0	8	10	22	15	2	3	1	8	0	0	6	8	5	1	3
Dothideales	97	23	48	13	9	130	97	34	20	59	8	172	67	26	40	41	160	52	68	31	141	39	101	18	78	32	68	111	44	9	103	44	59	70	18	16	52	26	191	105	88	85	131	56	21	35	133	49	7	15	81	107	29	45	58
Myriangiales	13	12	45	7	1	51	51	54	7	20	5	49	44	3	10	3	92	39	20	16	57	2	65	3	18	15	24	54	10	24	26	23	15	12	28	10	25	12	15	15	57	75	103	50	27	40	12	37	5	8	41	116	8	10	12
Capnodiales	87	192	847	311	57	831	522	296	108	565	105	710	307	68	253	207	748	414	327	1273	1077	306	747	78	712	252	546	959	197	75	598	552	725	757	162	94	498	138	974	845	666	1006	972	625	229	544	519	413	84	270	703	667	680	267	436
Pleosporales	197	293	884	736	37	1210	744	558	315	830	94	1110	753	222	570	309	867	807	514	478	1488	872	1001	130	1213	549	467	1143	357	174	840	678	1213	728	279	221	645	223	1479	1197	794	1203	1209	939	319	737	1065	652	163	145	854	1084	382	344	723
Mytilinidiales	2	9	24	20	12	47	69	56	4	54	5	77	45	5	11	14	60	39	43	77	15	4	33	3	50	11	27	23	6	2	18	82	68	21	6	11	40	14	26	19	41	37	58	29	15	30	42	31	11	12	77	60	56	9	29
Erysiphales	207	58	144	35	50	415	246	150	56	163	78	218	255	72	229	256	232	259	49	170	160	164	246	33	298	97	88	684	85	12	310	213	218	131	179	57	71	76	604	345	165	337	218	173	140	309	587	215	418	43	207	430	123	79	174
Helotiales	326	300	900	254	176	1867	1056	575	641	933	79	1049	944	321	1029	549	929	848	337	390	1386	1586	1176	243	1441	686	242	1536	299	132	1389	591	968	1200	427	228	574	248	1875	1414	793	1355	1164	1055	367	1330	1022	627	141	281	1022	1698	360	210	792
Hypocreales	720	827	2120	1002	394	3109	2370	1259	746	1981	281	3057	1911	724	2386	980	2499	2204	1430	1423	3419	2553	2718	452	2790	1233	1483	2985	933	408	3219	1430	2138	2708	760	841	1975	627	3348	2915	2579	3202	3702	2321	889	2325	2879	1849	429	1209	2388	3647	1046	797	1546
Microascales	69	95	248	310	39	281	580	288	185	241	32	420	236	94	213	306	329	233	197	170	470	306	380	70	437	167	203	972	114	59	194	403	333	432	80	250	440	104	430	490	655	499	485	250	152	370	358	206	42	75	419	427	224	107	213
Coronophorales	730	1091	3580	1012	295	2594	3569	1999	811	2697	222	6295	2183	309	956	1063	4346	2720	3532	2009	3158	1936	2866	224	2856	1356	2554	2646	1485	539	2044	2553	2769	1933	688	1090	3135	509	2722	1911	5049	7270	8622	3108	1286	1860	2355	2139	524	572	3428	3595	1760	1975	1622
Glomerellales	255	233	784	1161	76	1072	710	458	192	900	171	973	462	221	363	260	741	726	384	402	1228	529	847	118	1128	399	369	880	217	237	1180	388	1038	1014	312	468	498	179	1042	799	744	1213	1170	804	269	883	661	597	247	116	757	1002	353	268	515
Diaporthales	39	117	324	66	36	275	393	236	127	211	53	332	203	96	119	97	293	156	273	174	275	149	270	65	188	271	204	272	105	67	197	172	282	281	76	74	237	94	221	236	348	246	459	190	103	235	362	245	39	419	271	395	129	128	151
Phyllachorales	1	2	9	12	0	10	7	4	85	2	6	38	17	11	3	6	14	3	5	4	4	2	5	2	28	4	13	17	1	0	8	4	8	4	1	2	10	0	45	36	5	19	34	32	2	2	5	5	0	2	7	13	1	3	12
Sordariales	242	317	1388	870	90	1388	1448	846	488	1035	117	1968	1047	271	777	396	1529	1161	1279	1066	1716	902	1378	295	1474	644	694	1037	458	162	1177	958	1566	998	383	338	1017	322	1698	1413	1506	3573	2723	1451	690	1213	986	826	365	230	1405	1685	1038	578	896
Ophiostomatales	144	204	516	351	47	635	725	304	140	376	44	721	361	88	220	193	579	283	597	349	1082	650	540	24	562	176	353	809	216	62	428	327	576	459	72	270	868	93	420	400	812	649	1121	641	254	452	455	364	79	141	531	642	247	301	311
Coniochaetales	4	9	22	8	7	69	48	39	6	101	7	51	74	6	27	5	107	70	29	60	161	105	80	2	47	13	24	82	9	5	121	35	23	61	11	22	35	24	136	46	51	146	92	96	14	72	167	27	10	5	76	89	31	12	44
Magnaporthales	48	115	367	56	24	264	213	190	75	221	17	417	243	44	256	55	302	201	296	112	177	190	271	22	426	124	303	249	128	23	204	165	196	295	106	52	282	77	296	251	329	295	555	212	121	348	392	208	25	85	310	401	115	103	144
Togniniales	3	8	9	8	0	7	18	8	2	21	4	29	5	3	1	0	26	96	9	6	16	2	18	3	12	3	3	3	5	2	19	9	23	0	3	5	26	0	2	2	8	13	47	43	1	3	0	30	0	0	16	6	7	12	4
Xylariales	231	253	444	355	94	947	695	436	283	520	57	844	460	318	509	180	602	661	330	324	606	580	689	112	888	493	230	676	200	154	877	326	802	1057	236	329	604	262	850	548	484	871	1007	599	335	717	487	403	312	159	715	1045	824	213	425
Herpomycetales	0	1	7	54	0	23	6	10	2	5	0	15	3	1	3	4	7	4	2	57	7	0	8	1	1	2	3	65	4	4	2	0	10	1	0	0	0	0	1	13	3	3	2	2	3	38	0	2	1	2	0	2	3	0	4
Tremellales	30	64	136	65	73	335	265	160	71	185	10	319	198	275	168	85	260	247	121	144	161	98	233	45	491	90	91	209	147	13	311	104	244	256	59	57	82	30	433	221	176	253	477	214	67	170	310	127	28	42	293	222	87	48	173
Cystofilobasidiales	7	10	16	1	1	8	7	24	76	4	0	16	10	15	2	12	30	5	9	27	8	1	14	10	53	6	7	7	7	0	11	20	27	24	2	4	11	2	15	21	24	15	41	60	6	28	7	9	2	0	12	26	3	5	6
Filobasidiales	2	2	22	4	1	16	42	13	7	18	0	51	28	9	15	25	52	23	19	5	17	4	32	4	17	9	27	65	7	3	14	119	34	10	10	4	15	4	6	14	36	26	43	20	13	4	6	43	3	1	19	15	6	18	21
Holtermanniales	4	0	16	1	2	24	6	6	6	4	0	22	14	0	1	4	11	57	21	4	8	5	6	1	36	6	17	2	9	0	3	4	1	3	0	4	4	4	0	2	11	26	46	16	10	3	5	3	1	3	17	23	12	4	2
Trichosporonales	74	98	516	109	89	478	318	164	168	474	81	673	204	50	149	112	446	196	313	217	446	78	368	14	344	302	395	239	121	45	402	402	576	474	62	85	374	86	397	400	619	531	952	722	166	190	273	187	62	47	560	352	137	198	236
Auriculariales	11	20	136	32	0	36	55	51	57	57	2	94	66	11	23	19	84	64	71	39	51	107	67	9	107	20	71	62	42	5	55	65	76	25	21	18	69	10	49	67	175	53	236	74	35	25	72	47	12	16	113	146	38	21	47
Polyporales	102	148	494	180	55	486	420	228	336	503	46	654	331	39	576	138	535	604	475	218	281	318	445	36	511	211	215	460	177	83	568	346	497	332	86	108	339	75	710	333	472	748	1039	449	127	330	327	249	68	119	478	530	133	165	246
Cantharellales	83	90	243	48	40	300	299	150	149	297	17	358	210	39	75	108	262	193	166	174	351	271	394	51	403	104	149	374	137	44	285	245	204	305	41	67	214	63	483	381	377	350	445	162	74	187	304	140	54	108	299	436	106	98	212
Thelephorales	0	8	8	5	1	34	21	12	9	22	1	31	6	5	4	0	10	9	3	4	4	3	16	9	19	81	6	5	4	30	11	6	4	10	27	7	26	12	24	36	12	7	39	28	16	2	18	26	1	6	42	17	12	11	26
Hymenochaetales	43	18	56	13	12	137	53	41	5	81	2	91	50	38	17	14	72	65	25	27	135	158	110	13	153	24	22	74	13	3	224	86	52	218	9	21	38	14	50	37	40	68	104	58	42	75	40	69	66	11	50	181	14	19	24
Sebacinales	3	18	14	18	0	36	27	63	27	54	3	25	3	2	11	22	17	8	5	7	6	1	48	0	49	19	3	100	16	4	48	12	49	192	11	1	22	9	113	44	20	176	24	46	5	27	30	4	3	1	48	75	8	7	17
Corticiales	5	2	23	15	0	30	19	24	5	2	10	26	12	29	1	7	26	8	21	19	6	1	21	1	3	13	16	20	12	1	3	15	2	8	1	10	14	8	64	16	9	55	51	14	4	12	17	8	1	8	35	22	12	12	8
Gloeophyllales	4	9	22	12	1	14	17	13	20	72	3	39	47	1	6	15	26	27	7	9	33	12	19	0	16	7	14	20	3	4	49	14	218	28	0	3	17	6	83	29	19	82	31	18	12	14	5	21	4	0	37	34	12	16	24
Russulales	114	68	336	294	26	360	294	219	70	268	15	361	567	37	191	171	380	274	199	143	393	167	396	69	317	152	160	444	136	74	305	243	282	252	119	86	255	68	664	332	266	632	524	401	154	317	380	156	50	152	500	303	118	219	238
Trechisporales	2	8	21	0	0	6	48	3	19	3	5	9	9	1	3	3	4	13	12	0	10	2	9	0	9	3	19	5	2	5	12	15	0	4	7	1	2	2	35	1	3	10	1	4	6	7	23	4	11	20	14	6	0	6	1
Agaricales	400	413	1166	699	195	1987	1320	843	288	1089	125	1609	946	466	1001	554	1564	970	733	754	1866	1671	1555	289	2051	752	672	1917	340	160	1812	986	1226	1598	386	389	768	345	1859	1326	1122	1601	1760	1254	463	1628	907	926	384	385	1532	2134	486	531	856
Boletales	96	189	376	200	51	577	481	250	211	491	53	405	401	91	436	229	313	382	171	306	303	1061	718	31	782	223	129	794	124	52	868	324	405	531	80	86	288	90	600	502	498	499	568	419	163	490	731	281	47	111	469	661	212	138	271
Atheliales	8	11	69	13	13	75	25	24	9	48	2	49	54	4	35	34	45	35	70	56	30	5	83	10	40	15	55	123	17	8	22	104	46	19	7	12	63	14	113	72	55	132	133	44	37	66	25	76	14	13	75	70	18	12	76
Jaapiales	5	10	23	2	3	18	1	116	5	1	0	7	14	0	1	25	5	4	8	5	22	64	8	0	0	2	1	16	3	2	2	3	25	9	0	1	5	2	38	1	12	1	8	6	1	5	0	3	0	0	4	6	6	5	4
Amylocorticiales	4	3	21	1	2	1	6	11	2	7	0	11	17	6	0	2	9	5	8	7	9	0	3	100	20	3	29	28	11	1	3	3	5	1	0	5	28	2	47	58	28	9	6	3	2	1	91	2	1	1	17	16	14	11	36
Geastrales	32	2	11	4	2	11	13	17	12	15	6	32	8	2	1	2	8	21	51	14	55	3	26	0	14	5	14	12	2	6	6	19	12	31	6	2	25	6	15	6	11	29	15	18	11	1	4	14	1	7	30	31	10	1	31
Gomphales	5	41	51	11	6	124	66	51	18	55	7	177	72	7	92	32	69	33	26	26	52	282	200	7	115	84	6	107	7	2	129	19	56	73	38	10	60	10	164	218	48	78	82	178	32	121	123	31	2	55	147	152	45	16	85
Dacrymycetales	3	5	23	5	23	64	35	15	112	5	1	37	18	5	804	6	28	35	40	22	88	2	41	1	18	4	3	36	6	2	71	19	9	207	20	6	21	4	20	2	44	21	55	35	16	192	104	13	0	1	38	429	5	17	8
Agaricostilbales	1	0	10	0	0	52	3	4	2	1	0	29	5	0	4	8	6	0	6	0	4	101	15	0	24	108	3	14	2	1	42	5	2	1	0	0	3	2	0	8	6	4	8	11	2	20	11	0	1	1	2	66	0	0	3
Microbotryales	5	15	30	2	1	13	12	8	2	5	6	10	4	1	1	2	11	2	21	9	12	3	13	0	9	11	5	5	3	2	2	15	5	5	4	6	6	2	2	6	6	17	41	9	9	4	9	11	6	1	11	13	4	12	6
Leucosporidiales	2	2	26	3	0	22	13	9	3	7	1	32	32	2	6	8	46	20	51	8	9	4	9	9	19	7	11	25	5	2	9	10	68	2	3	7	37	8	44	5	8	83	27	9	6	5	135	61	6	4	84	30	2	14	8
Sporidiobolales	19	27	102	10	1	118	167	51	26	133	14	268	127	29	23	23	194	109	133	62	121	76	82	1	122	27	118	101	63	10	24	50	54	47	32	36	110	22	154	147	178	114	424	101	49	39	332	67	13	19	118	118	55	73	99
Kriegeriales	0	7	3	0	0	0	8	1	2	36	0	11	6	0	0	0	8	4	10	2	3	1	9	6	3	0	26	3	17	0	1	40	8	3	9	1	6	0	1	0	8	5	23	18	14	2	5	2	5	3	26	8	1	0	2
Pucciniales	265	477	914	436	197	2177	1409	697	683	2316	524	1103	988	675	1197	406	952	1064	384	720	1260	2089	1788	446	2206	1094	438	1726	482	273	1844	794	1586	1330	629	375	804	541	2249	1616	913	1680	1267	1163	686	1794	1483	1226	262	332	1113	2227	1340	297	1096
Cystobasidiales	0	5	6	3	0	2	11	29	0	3	4	14	31	0	7	28	37	4	2	8	4	30	16	1	44	14	9	69	2	6	5	22	6	4	13	2	3	1	25	27	14	30	24	30	6	50	7	9	0	2	16	15	1	16	21
Erythrobasidiales	1	9	11	15	6	11	17	18	7	4	1	16	7	4	11	0	6	13	21	2	6	2	17	0	27	8	2	3	2	0	15	10	14	21	0	1	5	1	10	0	44	20	33	7	8	7	1	18	1	1	18	16	2	3	4
Mixiales	0	0	3	17	0	1	7	0	0	2	11	1	1	1	0	0	2	1	3	4	0	0	5	4	12	10	0	1	0	0	0	1	25	13	0	0	0	3	3	1	0	2	3	5	1	0	0	2	0	0	3	5	6	1	0
Ustilaginales	116	27	122	29	29	196	236	74	10	175	7	242	136	8	153	48	170	142	156	50	445	293	138	6	117	48	78	163	38	20	74	58	76	157	28	26	81	38	677	183	116	642	277	177	50	169	81	63	29	18	210	241	37	46	97
Violaceomycetales	0	2	8	1	1	0	16	4	1	0	1	5	16	5	5	14	5	11	9	2	10	4	23	0	35	3	4	10	134	0	4	3	11	110	2	5	0	1	2	2	10	3	39	14	12	56	48	7	0	4	4	14	3	4	2
Exobasidiales	3	25	20	17	3	12	19	14	21	21	0	41	30	4	24	53	13	28	27	7	6	49	110	15	43	5	8	30	6	6	22	14	10	47	11	25	21	12	20	56	19	30	56	12	3	5	2	93	2	3	19	24	6	24	15
Entylomatales	9	6	19	1	0	48	30	5	3	3	0	26	4	0	16	5	26	5	15	7	17	3	14	0	11	6	2	28	6	2	113	10	5	11	3	1	10	1	2	12	13	22	54	16	5	37	27	7	0	3	6	7	1	9	5
Tilletiales	5	14	33	13	5	61	66	70	10	11	12	66	10	8	8	38	64	23	42	21	19	32	107	10	22	74	35	39	12	2	30	27	42	21	9	8	21	19	46	14	114	22	80	33	19	17	14	11	4	6	40	23	41	26	8
Microstromatales	0	15	36	0	0	20	7	23	0	65	1	15	1	1	1	2	10	4	7	2	23	1	11	0	3	4	17	3	1	2	4	18	6	4	1	0	7	4	68	9	6	114	26	27	1	4	0	7	5	2	20	11	8	2	4
Ceraceosorales	3	2	5	0	4	59	6	4	1	43	0	11	20	0	0	16	9	45	7	2	126	1	52	1	2	7	4	49	2	1	5	64	10	0	1	1	4	2	89	12	11	140	34	6	8	23	0	4	3	1	13	9	0	4	9
Golubeviales	1	2	1	0	0	12	4	2	15	0	0	5	5	8	1	0	4	2	6	0	2	3	7	1	7	10	2	2	4	1	2	1	12	2	1	3	12	5	1	8	7	3	4	10	3	14	1	8	0	2	22	24	3	0	2
Malasseziales	14	33	125	13	5	77	89	147	17	104	337	201	40	8	15	17	123	82	94	63	183	16	63	9	50	54	81	45	26	13	29	144	67	53	15	17	77	25	86	112	113	125	362	106	96	68	116	123	16	12	65	86	62	37	70
Wallemiales	2	7	22	0	0	6	0	4	0	133	0	4	2	3	2	0	3	1	2	0	9	0	1	0	11	11	1	0	1	0	2	10	1	6	0	0	2	0	1	1	8	10	11	4	17	1	4	113	4	2	8	7	2	9	3
Geminibasidiales	4	4	15	1	0	6	12	16	0	4	1	25	24	4	48	1	11	13	6	6	13	147	5	3	3	5	6	9	8	0	2	10	8	17	0	22	6	3	0	0	10	36	36	20	4	4	8	14	0	1	31	10	3	15	4
Thiotrichales	66	89	280	48	22	381	208	144	68	283	31	196	132	81	385	88	209	186	90	98	599	241	467	34	202	115	140	478	72	45	270	263	363	286	111	122	151	81	211	237	193	275	347	106	76	270	108	167	52	87	287	261	132	120	116
Pseudomonadales	5818	5508	7606	13394	690	77502	6976	14006	3643	97292	2393	14525	107510	3248	76342	39120	43518	91564	6483	6828	82352	80525	35728	1291	54218	68983	62630	82394	28643	5305	86704	14011	8324	106344	41265	41934	9042	1966	161133	86765	9162	183398	20748	23657	3310	60079	74249	52344	14172	22266	10862	77552	6813	3635	38481
Enterobacterales	6908	26190	9937	9503	15691	92366	2052526	9713	195236	26751	9196	262970	28093	41270	27747	832227	30223	61812	154333	21240	15552	43758	13473	7340	101208	81589	65999	597131	923708	1018989	86378	10039	10817	77684	37755	4967	18233	7314	47114	322984	141649	41879	57625	84624	8756	140121	127643	234974	61577	245793	218908	88799	106293	19496	481172
Legionellales	74	66	128	30	20	263	150	157	78	84	8	156	92	43	63	64	160	108	59	50	60	333	240	31	216	69	88	264	35	15	219	179	180	196	57	38	69	43	124	315	139	123	234	91	57	189	199	188	18	24	160	350	54	87	211
Chromatiales	147	212	404	658	19	336	363	207	49	424	115	477	275	29	85	80	609	206	388	318	473	88	346	27	228	182	507	242	197	57	165	245	340	153	92	205	510	56	287	126	1223	737	804	359	169	223	126	277	118	56	482	309	307	485	122
Xanthomonadales	364	518	1708	459	69	777	1481	839	438	1150	101	2799	955	80	425	381	2033	1077	1886	899	1582	382	961	71	1045	438	1158	856	599	213	806	890	811	831	203	368	1577	227	1191	923	2559	13777	3726	1896	612	578	1152	866	225	210	1452	1233	635	942	686
Cardiobacteriales	8	9	9	4	18	34	29	3	6	51	2	27	12	4	4	10	64	10	35	11	5	47	14	1	48	8	6	37	4	0	31	9	5	60	6	4	16	2	12	24	96	27	29	61	12	58	10	74	5	9	71	6	0	14	21
Methylococcales	29	64	353	47	12	171	231	145	61	184	12	318	154	43	40	57	293	225	136	41	347	22	239	44	170	68	117	238	60	19	120	135	169	106	55	35	172	26	321	160	200	280	274	180	59	97	89	183	44	30	165	190	147	142	103
Oceanospirillales	290	282	1036	178	79	864	880	574	196	795	64	1422	750	158	397	340	1235	670	859	506	1082	1021	878	85	827	338	624	1409	372	434	631	621	812	569	242	244	814	233	1160	611	1348	1318	1545	778	364	665	556	744	193	128	892	1124	354	627	461
Alteromonadales	140	262	1128	449	135	977	806	557	283	755	113	918	637	226	463	436	1006	544	420	466	607	460	1347	174	813	336	430	1824	269	97	628	624	743	725	375	181	501	200	941	742	810	1291	1058	613	369	904	600	639	152	176	854	1194	851	468	520
Vibrionales	98	193	487	185	99	689	653	436	266	531	78	637	577	193	444	406	770	419	207	246	610	729	1217	112	765	406	274	1581	214	148	675	427	1249	516	233	126	392	116	771	557	594	792	844	562	221	539	527	431	98	247	1007	849	336	255	370
Aeromonadales	125	173	631	128	72	39774	718	317	301	566	161	6717	468345	109	223	13351	1248	623	644	353	474	590	4738	44	78703	2551	392	230333	793	128	1048	438	522	588	129	247	622	224	2354	1227	831	1625	8907	976	606	315579	1088	675	98	158	173497	123549	309	369	747
Pasteurellales	202	288	627	3945	4695	7598	611	681	15578	324	8760	324	2729	929	384	269	265	4487	1673	206	3044	7031	4572	368	10505	1260	284	37586	119	22	6971	1382	272	1194	819	6051	311	696	20459	7815	297	12011	1438	5670	5608	4885	16835	11169	143	6269	13368	751	427	784	14356
Salinisphaerales	0	4	7	3	0	5	5	4	0	10	1	47	5	4	9	1	22	7	8	1	11	0	15	0	5	4	4	1	6	1	2	8	1	1	3	1	2	0	4	1	14	16	23	12	3	3	3	15	0	4	8	5	2	4	3
Orbales	11	25	35	5	3	28	46	95	12	3	9	16	19	8	7	10	29	8	18	2	16	9	150	5	22	19	6	32	11	7	7	14	19	9	6	6	35	13	24	106	23	12	49	22	3	11	14	16	7	4	26	29	3	9	102
Acidiferrobacterales	1	1	1	66	1	2	6	3	1	0	1	8	1	0	0	2	4	0	5	1	2	0	3	0	0	1	1	0	2	0	2	3	22	5	0	0	2	2	0	0	4	5	10	1	1	4	1	1	1	1	7	5	9	6	1
Cellvibrionales	48	83	304	56	77	284	238	199	43	219	13	480	126	58	176	141	402	202	211	125	107	200	423	52	285	87	206	218	113	39	99	209	199	151	81	64	203	44	485	310	278	591	507	175	145	152	203	168	25	66	311	299	82	145	174
Nevskiales	22	16	84	11	1	44	67	31	18	46	15	175	43	5	11	32	152	86	136	32	38	24	49	2	56	32	68	51	20	9	39	36	9	14	22	20	103	8	63	63	158	138	192	77	24	15	25	42	19	9	104	105	37	35	38
Rhizobiales	5368	2107	6373	7568	294	4807	5173	2640	900	6840	584	9195	8935	401	3915	2411	7598	5537	5884	3573	3517	3249	4626	399	12948	3627	4630	6641	2430	771	5874	3636	3973	4345	1479	2944	9363	827	18336	13942	8420	19571	12577	6065	2326	3812	17531	2817	4310	1009	5960	8476	2677	3798	6086
Rickettsiales	22	40	59	13	45	116	121	87	17	42	8	100	47	57	63	26	34	31	22	23	29	19	196	12	67	48	55	163	16	4	78	97	55	85	18	17	79	25	83	109	106	61	87	37	29	94	92	65	18	49	152	91	35	25	47
Pelagibacterales	3	5	15	3	3	64	52	10	7	63	0	24	5	4	2	9	7	25	34	2	3	9	29	6	52	18	21	22	7	6	88	12	32	20	6	13	8	4	24	20	10	20	30	18	33	26	8	7	6	17	8	94	10	6	13
Rhodospirillales	14746	784	5137	316	129	1600	1902	14661	360	1530	255	3259	1251	140	717	478	2867	1321	2399	1094	1626	1059	1425	166	36474	57834	1575	945	1232	334	738	47154	1088	788	1841	8086	12420	390	1020	692	3278	3447	5176	1748	3428	775	1038	1703	941	397	2307	1837	910	7950	776
Rhodobacterales	420	700	2684	428	106	1337	2249	1168	369	1514	301	3791	1046	213	549	674	3305	1649	2334	1503	2353	785	1512	276	1179	655	1757	1337	953	331	834	1548	1588	1132	425	651	1980	379	1465	822	3432	6228	4748	1879	950	827	1087	1350	372	345	2472	1973	855	1516	914
Sphingomonadales	279	456	1785	367	38	884	1262	731	320	1066	200	2067	657	109	454	356	1837	891	1682	714	751	619	912	35	945	463	996	868	537	196	589	772	1004	602	193	710	1225	199	820	469	2262	2574	3290	1463	492	681	776	827	216	163	1312	1198	513	1004	430
Caulobacterales	120	122	554	224	22	300	615	186	63	284	35	913	200	43	79	95	524	437	659	222	335	106	315	47	262	184	359	276	186	61	197	341	407	244	59	122	519	77	237	164	710	1065	1100	645	201	184	237	192	74	45	423	347	193	364	178
Parvularculales	6	3	19	4	0	15	28	20	4	18	3	19	13	2	1	9	56	8	15	10	6	1	13	0	21	7	9	18	16	1	14	12	11	7	5	8	20	11	6	53	24	29	52	19	15	5	29	15	3	6	26	16	8	8	24
Kordiimonadales	4	4	16	1	0	4	10	6	0	4	1	19	10	1	3	3	10	3	17	7	4	7	15	1	5	2	13	3	1	2	8	5	13	15	9	3	13	3	6	3	24	11	29	29	4	1	3	11	3	1	31	17	5	17	2
Sneathiellales	7	3	14	0	0	1	2	5	2	0	0	1	1	0	2	0	8	6	2	2	2	0	3	2	1	2	0	3	9	0	0	4	28	2	5	5	1	0	0	1	8	6	9	3	1	0	3	1	2	1	6	6	2	24	0
Kiloniellales	10	9	24	4	1	20	18	21	3	7	0	15	2	0	5	8	31	7	12	9	8	0	16	1	6	3	15	15	5	2	2	12	7	3	1	9	17	5	9	1	41	35	26	6	6	21	6	2	0	0	15	14	9	28	10
Magnetococcales	0	17	370	2	3	29	18	11	1	34	2	20	11	4	5	5	9	18	14	6	14	0	14	1	60	25	23	132	14	2	1	23	26	7	2	7	15	5	27	6	42	12	28	7	8	19	4	8	4	43	25	42	5	18	8
Rhodothalassiales	3	0	1	0	0	10	13	2	2	2	0	9	1	0	0	3	1	2	4	3	0	0	1	0	3	1	1	0	1	0	4	3	6	5	0	2	0	1	4	2	12	10	5	10	7	2	1	9	2	0	5	1	13	2	2
Holosporales	3	10	16	3	4	29	22	8	8	16	4	10	3	7	4	4	17	5	2	5	8	4	81	3	5	13	22	32	4	4	12	5	37	9	4	3	45	10	7	35	29	25	156	11	6	5	51	33	8	3	15	19	21	18	20
Emcibacterales	2	7	44	1	0	2	3	5	5	12	0	6	3	1	1	0	5	0	13	2	24	0	9	0	3	11	2	30	2	4	2	9	5	2	3	1	9	2	0	10	10	7	29	2	3	3	5	14	4	1	27	4	2	35	3
Minwuiales	3	4	18	0	0	2	6	2	0	1	0	18	0	0	0	0	6	0	13	0	18	0	5	0	3	1	2	2	4	1	2	8	4	1	0	1	5	0	1	2	22	22	12	3	2	6	1	5	1	0	0	5	9	2	3
Nitrosomonadales	115	87	423	94	27	369	337	205	59	452	15	665	167	57	86	102	624	270	466	170	202	228	371	50	307	110	415	400	121	87	245	337	239	250	124	134	246	68	357	287	456	931	899	428	164	235	248	363	71	67	364	585	700	300	168
Burkholderiales	3833	25476	52886	47834	523	32441	6751	145501	67865	60330	33101	29059	64472	47557	71484	7243	99464	45687	81517	36173	52774	65260	5664	38964	93155	71661	103010	7861	95400	230454	12439	94842	4042	24109	4950	13849	7427	160273	45814	11091	10229	71410	23219	115587	78369	69105	140136	22653	148570	63186	8783	52877	47588	40046	7667
Neisseriales	312	217	668	257	93	710	518	431	742	941	632	1119	378	98	426	248	908	719	912	832	639	290	677	734	724	333	584	772	417	829	379	773	454	382	231	203	985	134	1205	394	798	1352	1231	926	344	468	459	912	190	89	706	672	1193	1365	264
Rhodocyclales	580	224	770	726	35	6609	696	386	101	2832	228	1359	5476	51	1420	1225	1493	4673	626	430	4743	4996	1980	151	1179	348	678	3741	545	232	2327	942	1309	7460	122	152	1463	101	20666	3687	1015	23966	2032	1699	584	3530	1412	3045	283	989	864	2228	351	457	1251
Mariprofundales	1	3	12	2	77	7	13	65	5	12	2	24	3	4	2	5	18	9	5	6	6	2	9	2	3	6	6	3	5	3	4	15	54	8	2	3	15	1	4	3	6	44	37	9	3	4	0	29	4	21	52	14	7	10	5
Bdellovibrionales	12	20	102	24	6	104	60	78	17	66	10	79	41	19	23	14	132	112	44	58	49	18	152	21	104	89	25	46	25	5	81	59	61	46	42	24	50	25	65	81	81	109	170	81	41	71	56	47	16	37	175	100	21	28	51
Oligoflexales	1	11	15	3	1	11	26	14	7	10	2	26	11	1	17	2	13	19	6	11	19	4	29	0	9	14	7	10	5	2	4	8	14	4	19	4	7	3	11	8	9	30	23	23	13	7	6	19	0	1	16	20	10	5	40
Silvanigrellales	0	8	39	2	1	5	2	16	1	5	0	10	2	2	0	0	6	7	0	8	17	0	11	1	19	10	4	3	1	1	4	7	4	3	17	0	7	0	19	8	2	8	10	6	7	8	4	3	1	30	3	14	2	11	6
Bacteriovoracales	16	9	40	27	10	99	46	34	7	38	0	46	14	29	10	26	41	28	9	24	11	8	135	19	92	62	10	128	12	6	41	26	41	74	18	10	22	25	73	54	36	67	68	35	20	76	49	19	12	9	47	93	17	32	65
Acidithiobacillales	7	16	55	4	1	34	65	29	6	70	1	54	28	6	5	9	40	20	33	33	35	1	41	9	38	10	32	15	12	2	32	32	29	20	17	11	46	10	24	11	125	49	88	48	23	12	5	36	3	11	48	35	25	31	13
Hydrogenophilales	13	24	61	6	5	38	44	28	9	97	9	100	26	5	11	12	68	90	79	41	13	11	38	6	31	15	25	17	14	8	16	33	27	23	15	14	48	10	13	11	75	88	125	60	20	28	29	46	13	5	48	65	33	37	30
Myxococcales	244	272	1033	283	27	449	835	425	152	460	55	1544	356	39	138	295	1034	473	1057	476	437	239	514	68	506	229	725	544	394	110	350	524	517	313	92	196	866	109	540	301	1971	1061	2580	549	449	297	550	361	137	102	1094	625	399	660	355
Desulfuromonadales	126	214	838	75	20	271	451	330	68	319	26	748	339	87	95	145	609	286	434	297	268	162	462	56	370	160	303	426	183	61	391	356	374	252	126	120	435	102	327	318	741	556	943	394	229	177	328	247	59	66	453	403	247	320	243
Desulfurellales	1	0	1	1	4	6	16	2	0	3	3	7	3	1	1	0	1	0	2	0	0	0	7	1	3	1	1	2	1	0	2	0	1	11	0	0	2	0	3	13	3	7	2	0	0	6	0	3	0	1	0	9	1	0	5
Desulfovibrionales	423	14774	39979	29873	81	21682	32512	34512	5996	30088	26382	43810	12870	274	22142	13105	94509	19808	178624	15042	19705	8686	14780	35324	81974	15858	42712	1427	14147	23499	6769	30068	570	29079	659	6339	1291	23896	1203	375	1385	32803	28791	35293	6046	9137	19837	45489	169523	67871	39777	27295	19283	27777	9366
Desulfobacterales	127	222	1048	102	45	484	627	406	149	506	59	770	336	112	157	153	774	422	617	396	425	563	508	83	488	259	471	315	258	97	393	436	818	443	135	161	677	161	533	374	894	896	1164	533	276	188	524	293	105	148	623	611	307	299	271
Syntrophobacterales	60	149	414	52	35	224	310	194	49	224	72	480	160	46	102	79	413	155	360	135	165	66	232	21	203	139	223	242	105	39	107	239	173	150	61	82	282	99	160	163	511	354	592	270	126	86	321	162	37	67	429	283	112	179	119
Desulfarculales	5	14	75	8	1	11	50	26	5	35	1	62	30	6	5	32	56	12	35	16	5	3	25	1	31	15	29	64	15	5	7	25	26	13	9	3	35	11	78	57	46	40	67	33	12	8	125	14	12	6	39	32	8	27	30
Bradymonadales	5	6	76	6	1	56	70	37	7	34	3	79	40	1	10	11	47	60	45	27	30	66	37	0	41	10	30	49	21	6	58	21	19	15	13	10	31	9	52	10	53	49	101	56	27	44	17	17	3	1	33	73	16	38	23
Campylobacterales	307	229	939	172	187	9770	1169	550	312	555	158	714	437	599	380	323	811	549	222	303	431	568	4458	353	1403	1058	448	1389	279	115	656	443	492	983	472	185	484	263	781	1096	657	1162	12890	2498	300	735	810	723	157	328	603	1142	1018	279	625
Nautiliales	4	1	1	0	3	5	14	9	0	4	0	13	10	3	4	2	4	2	6	1	4	0	12	1	6	3	0	12	0	2	15	10	1	36	6	4	3	7	0	4	2	8	25	0	2	1	7	0	0	2	2	10	35	2	2
Fusobacteriales	189	535	574	245	9390	455	810	1040	2303	825	135	2258	387	51911	425	150	433	428	367	319	891	418	2029	9158	62427	556	824	1086	199	212	330	308	1260	41479	17098	129	1065	1472	4896	1513	486	615	537	288	343	401	481	459	33919	6711	706	6262	325	230	547
Nitrospirales	27	72	325	24	8	242	187	191	61	124	23	304	130	72	280	88	290	133	111	91	145	363	175	25	198	82	116	255	86	46	143	148	144	119	61	40	169	34	94	226	295	231	348	103	103	200	61	133	24	39	143	178	52	90	146
Acidobacteriales	145	158	673	286	18	489	446	254	118	360	21	821	311	57	84	182	655	303	532	255	481	447	486	30	366	232	370	501	196	131	261	357	352	318	129	213	469	110	384	268	667	685	1112	303	218	404	221	245	62	68	417	486	206	278	182
Bryobacterales	92	102	446	233	7	160	266	201	60	186	35	541	232	28	77	160	490	147	428	181	271	251	297	18	329	82	191	312	101	65	158	230	227	156	64	79	321	49	259	121	549	319	794	287	107	126	275	140	52	65	337	302	147	188	170
Holophagales	6	10	133	12	1	28	54	21	10	40	9	168	22	10	23	8	93	32	80	41	26	8	41	2	30	21	31	13	46	4	12	81	30	41	7	32	61	21	8	47	105	63	288	39	28	10	9	64	9	10	44	42	18	29	42
Thermoanaerobaculales	2	6	26	1	0	2	4	3	1	0	0	8	1	3	0	6	9	5	9	3	12	0	3	0	41	0	2	10	4	0	0	4	1	14	0	0	3	2	0	0	16	3	4	3	6	0	11	1	0	0	4	1	0	0	2
Dictyoglomales	0	0	1	0	0	11	10	0	0	15	1	2	4	21	1	1	1	15	0	8	38	0	8	1	6	6	25	5	6	0	4	1	1	1	12	1	0	0	24	1	3	49	2	0	0	0	0	0	1	1	6	2	0	1	1
Endomicrobiales	0	0	6	0	3	11	5	3	2	3	0	3	0	12	5	0	7	5	1	6	2	1	1	0	6	4	0	2	1	0	0	1	0	0	9	1	3	3	11	2	1	6	6	3	1	0	0	10	0	2	8	17	0	4	0
Elusimicrobiales	8	27	78	7	3	2817	83	28	7	48	23	71	46	3	13	4	43	4603	19	8	32	16	503	3	53	16	12	20	16	3	17	28	61	40	18	9	31	19	67	5	33	83	619	42	7	95	5	17	12	3	47	5951	29	19	15
Aquificales	0	8	28	1	2	13	39	61	12	3	3	29	16	12	7	10	8	11	8	13	8	15	66	11	21	8	9	21	6	4	8	4	15	20	13	4	4	15	23	13	20	31	44	8	7	8	11	8	1	210	38	22	10	2	13
Desulfurobacteriales	4	1	6	3	3	6	51	12	5	16	0	24	2	11	1	0	24	10	2	1	6	6	11	1	12	2	7	27	2	1	8	8	4	4	9	3	1	18	10	30	5	2	10	6	22	6	1	4	1	2	19	12	1	5	9
Thermotogales	32	56	172	17	18	50	90	65	44	72	4	86	21	82	52	13	171	44	52	30	57	95	201	18	42	74	115	79	88	7	22	109	161	57	92	59	151	36	73	41	66	141	156	35	30	40	19	48	14	23	129	78	23	50	65
Kosmotogales	4	4	9	0	4	29	16	6	2	8	2	23	3	4	24	3	9	15	5	8	8	15	6	2	10	0	7	6	1	2	21	10	21	14	7	2	13	6	11	36	21	35	16	6	3	6	2	1	3	2	17	15	2	6	25
Petrotogales	9	10	34	5	4	34	54	30	37	29	7	23	19	56	27	13	27	16	18	14	15	12	227	8	24	23	7	60	8	4	18	9	68	62	21	14	10	17	25	36	23	70	39	19	27	28	62	44	10	11	23	83	13	13	38
Mesoaciditogales	6	1	3	1	3	4	20	6	2	5	1	5	0	2	1	2	6	3	2	1	0	3	8	0	7	8	8	2	2	1	1	1	38	6	1	4	4	0	2	5	6	1	29	1	0	1	6	2	0	2	8	5	21	6	4
Deferribacterales	14	47	42	17	6	56	100	81	6	39	4	77	25	8	19	42	63	21	34	25	41	58	109	10	45	63	24	213	14	6	35	32	64	49	22	17	16	20	46	34	46	33	112	112	28	27	31	18	7	6	69	64	18	19	29
Chrysiogenales	1	6	23	1	1	6	8	10	1	5	0	9	5	2	25	2	11	6	9	15	6	10	6	1	4	1	1	2	8	2	1	6	36	4	7	6	8	3	4	1	15	9	29	6	3	2	7	7	4	1	1	14	7	12	2
Thermodesulfobacteriales	6	6	10	4	8	14	23	19	5	2	7	13	15	2	0	3	12	11	9	5	4	15	21	4	12	3	3	52	15	6	7	14	20	17	0	9	12	10	2	19	10	25	45	13	11	31	3	5	34	3	29	8	11	11	7
Spirochaetales	290	380	1630	236	222	1355	1499	1293	567	982	134	1896	1033	284	741	367	1547	1393	733	645	845	488	35395	298	1579	1094	726	1526	512	141	988	1255	1361	1900	530	336	1030	347	781	1339	1481	1530	89020	820	596	947	713	911	195	764	1811	2200	505	560	856
Brachyspirales	15	24	224	30	15	39298	94	105	28	48	8	116	40	87	110	16	52	97	12	15	21	26	33165	25	557	108	36	13048	14	12	62	49	112	8768	74	217	25	53	10743	138	47	171	881	75	32	124	58	108	23	46	121	727	38	38	109
Leptospirales	22	29	103	8	8	36	133	105	28	52	5	140	63	45	31	39	82	21	55	35	50	16	159	9	123	47	51	200	24	9	34	83	166	81	28	34	73	38	38	140	77	96	111	60	50	40	49	31	7	23	97	93	72	26	73
Synergistales	55	173	3064	47	32	141	4738	174	43	159	31	10864	146	30	171	57	418	144	1378	148	556	46	498	17	209	93	9269	104	90	74	154	241	440	474	1468	57	260	42	184	123	459	228	1967	172	124	57	308	104	1366	41	2450	169	135	156	159
Calditrichales	2	0	41	1	0	5	7	1	0	7	0	21	2	0	2	3	9	5	15	4	5	0	6	1	0	2	3	1	0	1	2	5	8	4	1	1	2	3	3	3	8	2	15	11	3	8	1	3	0	0	21	5	0	2	7
Coprothermobacterales	0	0	0	0	0	5	0	2	0	0	0	1	0	0	0	2	4	0	1	0	0	0	2	0	2	0	1	15	0	0	0	0	1	0	1	0	0	0	0	0	5	3	2	1	0	5	0	0	0	0	4	2	0	0	1
Chthoniobacterales	0	3	9	25	0	0	10	6	0	7	4	10	8	0	5	5	15	3	5	2	6	0	5	1	16	3	16	8	7	0	2	16	3	27	2	3	4	3	25	12	16	25	56	7	9	1	16	4	0	3	11	1	2	9	6
Verrucomicrobiales	1715	19386	241923	2650	15401	587	1464	119964	38770	1338	45088	384415	18642	538	759	193	6749	930	306123	12896	1231	498	1111	126	1067	12049	311881	485	94804	32387	883	185005	414	942	3910	19999	14516	6534	814	710	132359	50940	71894	488	4210	538	1304	1473	9541	1333	31047	3523	177442	6095	829
Opitutales	26	77	228	16	3	124	117	66	30	94	3	202	67	13	18	58	152	70	153	69	80	86	131	3	157	42	72	145	54	28	70	139	241	71	53	30	117	19	150	125	238	160	593	64	53	34	158	104	24	8	139	179	45	84	63
Puniceicoccales	0	1	1	2	0	6	5	1	19	6	0	13	1	0	3	0	7	3	6	2	0	1	13	8	0	3	7	4	3	0	3	9	0	17	1	0	1	0	1	1	14	10	37	3	0	3	0	14	2	0	2	37	1	2	1
Methylacidiphilales	4	12	48	2	1	2	6	8	0	6	1	17	1	0	0	5	18	5	8	0	23	0	10	1	7	5	6	19	6	1	1	19	5	11	4	0	9	4	4	18	21	8	9	3	3	4	0	8	6	2	9	8	1	2	6
Planctomycetales	99	53	237	32	14	127	184	130	46	145	12	354	132	26	107	110	282	125	177	93	174	46	200	9	155	193	126	158	57	36	47	240	131	212	55	54	162	39	259	111	390	306	428	160	60	69	115	103	31	42	226	187	84	157	96
Pirellulales	17	13	70	3	3	85	41	28	12	27	7	77	149	30	106	66	112	86	36	38	114	4	53	2	86	27	55	114	14	5	36	28	54	42	10	14	54	25	102	159	127	128	95	48	23	51	36	77	8	16	111	94	31	40	69
Gemmatales	15	17	63	17	4	98	71	41	12	37	3	145	27	3	2	24	80	67	125	33	28	13	60	1	11	14	37	47	36	4	8	42	21	25	5	15	55	4	145	38	155	80	224	39	30	12	18	17	13	16	68	45	41	25	30
Isosphaerales	4	9	35	10	0	35	41	15	6	37	1	100	28	0	6	14	60	19	58	7	10	10	24	1	40	9	27	19	15	4	5	40	22	17	3	15	16	3	38	21	38	41	188	25	14	12	12	20	5	3	43	20	16	17	21
Phycisphaerales	34	70	207	106	17	159	202	68	31	148	15	286	73	29	61	42	228	95	183	153	90	50	155	22	107	85	153	62	111	26	57	165	101	102	38	30	178	32	150	91	372	269	578	142	53	91	80	116	37	24	177	170	92	128	77
Sedimentisphaerales	0	1	9	0	0	1	9	11	1	7	0	18	15	2	0	0	10	4	4	6	8	0	13	5	4	9	11	11	59	15	2	6	9	17	5	1	12	3	0	13	15	7	21	11	11	2	5	8	1	5	22	3	3	5	3
Candidatus Brocadiales	3	5	7	1	7	14	14	8	3	0	0	15	4	4	12	10	12	15	2	4	9	0	14	1	10	7	4	29	7	6	3	16	63	5	8	5	12	2	12	14	8	79	17	8	10	26	12	7	4	9	28	22	5	7	2
Chlamydiales	31	35	343	113	19	408	959	73	97	522	27	224	127	52	498	545	186	90	63	126	210	428	1253	38	977	188	254	641	32	45	283	33	805	147	36	124	229	40	637	1102	2716	301	307	231	47	1827	134	913	46	234	198	213	184	20	2471
Parachlamydiales	0	2	11	1	0	58	9	11	1	15	2	17	4	3	6	17	3	13	6	18	4	1	9	1	9	14	6	79	2	0	4	21	13	137	4	105	9	2	1	8	21	14	26	5	17	67	9	9	5	29	25	22	7	19	2
Lentisphaerales	1	1	7	0	0	0	7	4	1	1	1	13	4	0	1	0	3	4	12	2	0	3	10	0	1	0	0	5	4	1	3	9	5	4	3	1	3	0	0	1	9	11	24	6	2	1	1	1	0	0	9	8	5	1	2
Victivallales	7	24	694	7	6	382	80	27	7	28	2	833	66	7	2	10	951	34	65	22	36	7	66	0	42	2212	36	21	5566	3	1290	844	23	712	5	757	30	6	4	23	96	760	18362	579	29	44	10	36	8	4	59	261	8	17	24
Fibrobacterales	132	85	302	54	16	477	202	174	43	377	39	397	201	46	87	247	329	295	163	195	291	374	484	16	524	132	139	627	92	36	364	174	179	399	50	64	247	44	454	346	446	408	532	234	139	332	274	488	54	85	294	444	78	209	255
Fibromonadales	1	7	42	0	0	3	14	3	2	2	0	13	6	1	0	2	7	24	4	7	12	1	10	2	1	0	5	9	2	1	27	10	4	4	1	3	2	4	13	0	2	1	9	14	0	1	0	13	1	1	5	8	1	3	1
Gemmatimonadales	31	47	135	5	2	94	124	47	48	100	7	183	77	7	28	21	135	46	121	43	150	37	104	4	162	36	110	74	45	14	38	115	78	63	24	37	93	26	151	79	154	146	347	98	42	27	79	43	20	16	97	87	31	65	64
Bacillales	6169	14609	18518	24659	13627	11937	23849	15948	14722	14744	11427	15192	8793	15917	9797	6012	11987	7774	15692	14933	15309	8675	30237	10469	17086	16068	12925	16630	7271	24692	6881	12988	44118	11884	8691	7851	14757	13702	10277	10529	31701	15531	23465	9637	10581	12093	6658	13245	17958	15665	19151	12611	6396	24372	10023
Lactobacillales	53726	11390	38250	56010	35322	22136	141792	40003	97325	13254	27422	35429	11725	60039	13498	13760	24570	112444	19027	20923	70939	18152	35232	55795	41527	57179	25730	161573	30249	19731	51114	39069	62109	30611	81403	20526	54343	16333	43704	131376	23302	156118	25270	48867	116867	22281	49117	68503	84042	525017	22361	24004	32239	62564	85310
Halanaerobiales	46	70	271	58	46	148	252	269	96	97	89	171	68	193	86	30	108	85	70	72	113	38	644	52	209	149	145	227	77	49	71	108	308	79	108	54	120	88	127	114	213	137	188	112	71	110	132	121	42	106	246	213	89	79	136
Thermoanaerobacterales	92	173	611	132	48	187	543	430	103	181	41	622	165	162	165	65	438	250	221	256	307	81	552	62	348	193	234	372	250	45	107	276	417	202	207	95	243	125	179	279	558	425	476	261	169	102	173	235	56	99	561	407	163	153	219
Clostridiales	4781706	3722603	7274502	10067279	5038150	3063900	4916643	6837309	7698598	4409208	5518210	4349718	3173755	3973438	4907419	832262	5829155	4393418	5017317	7655977	7852025	3203058	3872708	6476980	4160000	9423968	5770838	1713007	3616779	3694741	3319601	9505296	11059150	3448779	3504181	3673953	12582221	5036014	3646128	2162291	6729380	8096727	3229052	4551991	8478293	1745571	4687943	6480189	3164943	5208531	6978137	4615765	4682648	5994455	3682047
Candidatus Borkfalkiales	2074	644	92	5	1	111	51	941	5	40	3	561	28	2	3	9	548	76	2752	1120	53	0	38	0	63	16	38	12	57	3	11	90882	23	54	5	171	11972	5	28	3	897	66	343	308	90	11	19	47	38	10	104	122	24	116	7
Erysipelotrichales	261585	76348	76533	86246	82804	102141	427750	51353	229795	41898	33832	203736	80858	69603	168030	27765	181947	74404	26949	121614	19535	110923	247658	47853	108762	70351	121871	248456	67464	18631	111979	75026	817657	141999	44697	119063	119039	110781	212343	315742	185949	221273	58235	155009	48380	83654	99270	389298	17603	441472	98892	208776	265802	28627	347713
Selenomonadales	704	1808	14131	499338	294	1319	34935	14068	659	7185	407	22945	1152	583	5057	196709	2517	2096	2670	1103	154295	808	5010	342	5471	1247	1642	134742	1455	1522	2062	1381	1983	1201	135441	772	2006	501	1743	17448	3127	2826	4028	1067	1404	3121	313346	1627	88135	36725	3206	3095	2708	1378	3258
Acidaminococcales	410	557	31095	257673	111	1055	16512	73874	72591	3021	107	21169	2956	31946	164676	59467	6061	46738	1460	54697	67292	134171	104685	87	148974	93652	81574	29589	25103	5498	38423	626	975	139209	258	820	1090	73830	60273	2336	1223	61403	107657	122701	1059	61513	118733	27172	331522	129117	2282	7010	3837	33857	8746
Veillonellales	123026	114578	48161	9706	157998	46632	839234	2966	3590	126869	148341	159303	61891	706	807	172431	2208	5631	13494	2689	459062	3858	15813	137680	16571	2188	2260	198758	234731	148812	11518	191977	5821	2019	21589	30025	113520	433	8959	149887	44139	10686	16376	2457	183071	56899	56493	2346	11057	15789	229315	94330	287465	2127	41939
Limnochordales	7	15	37	6	1	9	25	11	3	11	2	30	5	5	8	4	26	35	17	11	9	5	21	0	14	4	25	2	11	3	23	13	8	7	4	4	27	1	16	5	37	47	35	28	9	3	3	18	4	2	35	23	11	11	9
Tissierellales	257	597	613	359	174	360	1065	1111	1073	287	415	594	254	459	544	315	893	263	256	283	281	204	1957	214	486	320	281	666	168	412	178	344	960	351	1083	166	595	300	197	654	657	374	561	550	280	453	271	730	146	355	980	996	535	333	779
Thermales	30	65	181	33	7	63	105	52	19	76	8	182	62	6	17	31	241	44	223	50	79	15	94	2	48	28	66	53	64	10	51	84	69	41	26	24	146	18	57	28	203	136	263	61	54	39	99	40	18	25	130	105	66	63	43
Deinococcales	56	64	316	85	4	98	218	108	32	111	11	449	148	12	55	75	284	187	295	155	195	82	148	9	133	97	216	150	99	31	63	167	186	74	27	83	285	37	62	71	460	320	608	208	121	85	189	161	30	28	273	214	132	188	60
Chthonomonadales	1	11	4	5	2	8	16	4	4	6	1	14	19	0	4	4	40	30	21	14	32	2	10	0	15	8	19	13	9	1	28	19	64	23	8	8	11	1	13	8	28	8	87	9	6	3	34	16	5	5	21	13	14	3	11
Chloroflexales	12	35	112	12	17	46	77	59	35	61	10	134	44	13	33	15	96	33	99	31	29	15	69	14	43	26	41	94	33	9	77	87	40	54	17	27	82	13	40	30	117	90	137	115	37	9	21	54	15	28	93	44	28	40	24
Kallotenuales	5	10	72	2	0	18	14	7	2	10	2	24	2	3	3	1	37	11	17	19	20	3	16	0	26	7	7	4	6	1	1	31	20	1	2	7	27	4	42	4	19	30	47	15	10	5	5	3	2	3	20	26	8	20	6
Thermomicrobiales	0	7	4	0	0	2	22	2	1	3	2	9	0	1	0	5	5	2	4	1	5	0	9	1	0	1	1	7	1	1	3	3	9	2	1	0	3	0	1	0	9	1	7	2	3	0	2	1	0	1	6	5	5	2	2
Sphaerobacterales	5	1	16	0	0	3	8	11	2	12	0	15	18	0	1	2	13	5	11	7	8	3	3	0	33	9	6	0	1	0	4	4	18	1	1	3	9	1	65	57	2	13	50	11	5	1	2	6	1	1	10	15	2	2	12
Anaerolineales	154	182	849	46	33	218	461	376	121	342	38	653	204	54	129	103	776	239	395	357	434	80	426	46	197	290	276	272	432	60	157	395	305	138	77	144	453	97	156	211	828	438	788	299	186	130	177	297	59	131	489	427	173	318	186
Dehalococcoidales	19	13	29	2	9	11	30	16	10	20	54	60	6	8	9	13	44	16	22	74	25	5	19	0	2	9	10	50	8	4	24	29	26	5	2	2	16	2	6	1	49	24	26	25	17	13	5	28	2	16	41	12	32	18	13
Ktedonobacterales	11	16	63	19	4	61	39	42	5	60	18	45	6	9	15	18	46	30	43	26	39	6	48	17	61	17	20	46	15	4	46	49	18	22	18	11	58	6	52	3	36	45	52	53	23	10	71	33	7	4	40	26	4	28	15
Thermogemmatisporales	3	2	17	2	1	8	4	7	3	5	2	11	1	0	1	2	16	7	13	3	5	1	7	1	4	2	5	5	3	4	3	16	20	2	2	1	16	2	1	2	10	12	10	7	5	11	0	16	1	5	2	12	6	13	2
Caldilineales	8	4	45	4	1	39	45	20	6	6	11	79	19	3	99	12	77	11	108	26	15	108	30	1	13	7	13	32	15	21	13	29	12	5	6	22	83	4	187	41	31	156	90	34	21	9	14	6	8	4	58	30	7	32	16
Ardenticatenales	0	1	11	0	0	2	3	7	0	0	1	9	3	0	2	0	6	1	8	5	17	2	7	0	2	3	1	7	6	0	12	3	3	2	6	1	7	3	1	0	15	6	13	4	2	10	0	2	0	1	10	8	0	1	0
Thermoflexales	4	2	9	2	0	3	13	3	0	3	0	5	4	1	1	1	19	5	14	5	7	1	3	0	5	0	4	1	7	0	0	5	7	1	5	5	18	6	3	1	13	6	13	3	5	2	2	1	1	1	11	11	1	2	4
Actinomycetales	1244	7981	3154	35310	1432	1496	15153	878	5849	3660	1861	10944	617	3444	1639	2304	2080	2104	14772	3962	2199	371	1582	1318	2110	1951	1935	8563	1974	9132	1187	936	4592	651	2998	2157	2738	1639	1657	2124	5822	4209	2317	2509	11480	4002	1609	1588	11842	5497	2382	1804	3630	9282	10524
Bifidobacteriales	6966	222962	215893	2793	130083	943	1123280	3654	194610	418371	617131	227104	1113	29843	4184	7558	10526	1152	149371	1935	319689	1747	1272	154077	1506	18884	323615	106918	126128	616909	5308	72530	761728	4839	29362	57034	1357311	10678	883	38088	505938	35253	6777	1506	53786	2031	52189	3590	295247	173730	14964	12688	475259	127800	150658
Micrococcales	1179	3566	4971	6664	696	2470	8266	2295	2543	2827	1482	14100	2257	1160	1508	1175	4676	4168	8032	3302	3230	1354	3214	628	3240	2408	3741	3226	2396	4549	1693	2648	3957	1474	1271	1410	4022	1294	3026	2107	7624	11526	14412	9037	4616	2563	2690	4608	3682	2330	5680	4110	2533	6277	4749
Corynebacteriales	624	1424	3247	2267	485	1888	11065	1532	850	1776	4122	5744	1539	524	998	961	3256	5113	4081	1942	2502	1305	1915	406	2134	964	2292	1996	1242	1459	1071	2012	8814	1462	875	830	2870	622	1804	1318	4174	7286	6094	3495	2227	1671	1418	1811	1159	911	3098	2514	2028	2100	1699
Micromonosporales	194	237	950	174	43	389	773	333	124	479	126	1307	344	60	149	214	978	425	1084	475	743	146	425	31	325	215	711	448	373	132	174	423	442	191	106	185	1450	96	276	251	1590	854	2183	739	344	142	405	325	125	94	812	458	352	515	351
Propionibacteriales	321	996	2249	392	190	718	1383	4605	267	627	4999	3395	1123	511	886	245	2332	887	7069	1140	649	606	776	197	1050	458	1108	420	588	417	696	3058	3479	760	317	478	5083	298	645	518	1935	1893	2486	4508	2279	831	393	994	1834	1355	1241	1040	767	1765	826
Pseudonocardiales	324	388	1465	467	35	511	1582	505	271	780	127	2321	632	76	302	254	1817	690	2161	786	1137	237	808	66	678	394	1126	458	644	251	397	639	828	570	171	381	1434	197	620	499	2588	1755	4263	1534	664	278	673	595	225	145	1439	968	561	839	638
Streptomycetales	1050	1301	5626	1153	171	2278	5241	2128	862	2316	572	9219	2107	207	1086	1207	6404	2526	6408	3046	3127	1452	2818	170	2016	1276	3835	2014	2122	894	1430	2796	3453	1635	666	1241	5629	697	2073	1574	8066	5574	15081	4483	2082	1468	2258	2170	662	1508	5082	3494	2551	2867	1904
Streptosporangiales	214	266	1343	89	32	352	982	384	130	350	79	1656	410	47	170	195	1369	424	1377	626	766	163	578	14	307	213	799	333	390	140	399	511	587	327	93	244	1303	124	237	350	2043	1444	2958	1504	402	169	443	351	99	121	1159	693	463	798	405
Frankiales	30	66	215	40	4	177	214	102	26	81	9	233	87	17	36	27	197	111	253	109	93	74	85	4	116	63	131	51	77	45	151	123	107	61	21	65	226	28	74	28	315	274	551	172	80	32	35	58	30	19	149	125	78	105	64
Glycomycetales	21	11	91	10	8	53	88	48	16	44	5	135	51	1	13	22	139	37	76	31	37	14	67	14	16	20	70	30	37	17	13	58	47	23	12	17	71	11	39	8	173	93	299	74	28	12	17	33	13	6	86	54	50	60	26
Catenulisporales	11	18	76	13	1	25	56	21	10	19	2	77	24	2	8	15	64	22	64	31	38	22	35	13	25	23	80	16	22	12	7	47	33	19	5	17	54	5	3	10	180	71	156	61	28	11	17	23	8	9	39	36	31	33	24
Actinopolysporales	7	2	38	3	0	12	22	14	5	32	1	37	31	2	13	5	38	11	28	25	15	2	22	3	19	7	16	7	14	19	3	17	14	11	8	7	806	7	59	1	38	22	57	29	8	2	72	11	8	2	42	17	4	14	5
Kineosporiales	21	18	89	12	0	36	71	25	6	32	4	92	28	2	7	5	90	45	82	85	40	14	26	1	15	62	37	14	41	14	30	23	58	17	6	10	84	13	26	23	81	99	144	90	25	10	5	41	6	2	64	32	19	53	27
Jiangellales	19	18	79	22	2	63	100	52	20	43	15	211	40	12	15	22	156	45	137	60	66	18	70	1	48	38	74	34	41	10	40	55	146	24	14	14	106	7	30	15	142	160	307	121	43	19	36	42	4	18	91	70	54	46	40
Geodermatophilales	61	63	286	35	8	54	301	99	40	79	18	383	87	13	43	36	302	135	343	143	146	59	96	8	187	49	192	66	75	47	35	164	226	41	48	53	295	31	79	108	404	372	634	249	109	39	283	88	46	34	214	196	152	142	120
Nakamurellales	14	9	26	1	0	7	31	4	10	11	2	32	9	0	3	3	20	16	36	18	8	5	17	0	4	6	13	7	7	3	2	14	8	6	5	3	4	0	3	24	68	26	50	22	16	1	5	7	1	3	30	15	15	9	10
Candidatus Nanopelagicales	3	3	21	2	1	3	19	8	8	13	0	6	10	7	13	6	10	5	7	58	0	1	27	1	36	10	8	9	16	3	1	24	20	34	7	5	5	5	7	12	36	25	51	7	6	3	22	23	2	9	21	24	4	4	6
Sporichthyales	11	13	25	2	0	11	14	5	0	5	0	33	5	2	0	3	54	12	10	4	9	2	9	0	4	2	10	3	6	0	4	3	4	3	3	0	16	1	3	8	17	15	62	25	6	2	9	9	0	4	12	8	16	7	5
Acidimicrobiales	66	131	405	118	18	267	518	294	86	258	27	701	165	26	205	140	478	230	485	219	224	38	220	56	280	154	317	308	153	81	121	186	265	309	78	103	417	78	218	139	720	546	865	321	155	159	93	160	100	60	364	340	163	276	158
Rubrobacterales	14	11	71	7	0	16	64	43	7	40	2	58	42	3	5	5	147	25	66	39	18	23	21	2	9	5	63	5	44	5	9	27	94	4	47	15	100	19	5	17	147	54	116	39	27	8	95	27	10	3	39	18	25	31	15
Coriobacteriales	3727	197154	126261	44408	467	85408	385823	2377	38330	79069	16845	285990	39824	770	59832	85507	17597	76464	288766	4971	150216	21987	59811	270	52805	44401	44178	142901	258790	226660	38412	61364	4270	28899	99806	43790	8219	133798	98213	177981	7240	63620	309776	53559	136584	76072	48677	97825	549347	110046	44648	105613	82261	145559	261404
Eggerthellales	28593	16503	15490	11731	28534	5712	18411	10734	8523	11759	17014	19251	3834	1763	5956	2574	11153	5465	25461	29470	16906	922	2256	23326	1312	8339	13976	5107	2892	30975	1447	12233	34881	1460	20075	6796	81079	29402	1608	6812	129153	11477	61136	4457	59246	1836	3244	3999	8431	43732	87656	13401	23823	15859	2463
Nitriliruptorales	2	1	4	45	1	2	12	5	1	1	0	17	5	20	1	2	32	12	20	3	4	0	5	0	1	2	14	2	8	1	0	2	17	5	0	1	6	1	0	3	22	7	24	18	6	2	4	1	1	0	7	7	5	6	7
Euzebyales	3	0	24	2	0	5	8	4	3	7	0	56	1	0	1	4	12	6	16	11	18	4	8	1	4	8	17	4	4	2	3	5	5	1	1	1	15	2	0	3	26	17	37	9	5	2	4	9	1	0	16	9	11	3	5
Egibacterales	0	0	17	1	0	2	21	1	1	14	1	22	21	1	1	11	22	9	4	3	3	1	3	0	28	1	4	24	3	3	2	3	6	1	0	0	9	2	0	5	8	11	38	9	2	1	107	0	5	2	8	14	3	11	2
Solirubrobacterales	33	29	124	10	25	58	85	76	17	36	3	189	74	6	19	17	107	59	157	64	72	17	90	8	27	45	133	27	48	10	29	59	47	55	19	27	116	22	24	11	237	167	360	125	37	30	28	57	19	13	107	71	57	91	42
Thermoleophilales	0	0	2	2	0	0	1	9	0	9	0	2	1	0	1	1	8	5	3	1	0	0	0	0	0	2	2	0	3	2	1	2	1	0	0	1	1	2	0	0	1	3	6	2	0	0	1	2	0	0	4	2	0	0	2
Mycoplasmatales	76	71	90	88	12	211	277	238	83	66	43	224	76	78	105	46	155	990	34	154	113	92	4570	73	189	104	74	150	85	36	256	98	612	2672	85	114	90	74	70	121	1418	1632	1673	216	77	200	54	237	44	54	537	812	171	45	184
Entomoplasmatales	7	29	39	17	6	44	159	52	32	23	8	58	70	26	39	11	14	28	12	3	65	10	307	38	55	56	30	66	20	3	37	22	189	72	27	22	40	25	35	101	34	28	55	56	12	43	16	43	8	21	78	174	25	26	85
Acholeplasmatales	29	18	72	32	16	83	107	90	27	34	7	1091	30	80	34	11	55	142	30	391	23	9	970	12	58	38	15	33	122	4	32	65	132	115	54	12	37	17	14	61	1536	177	3244	65	20	88	78	110	5	487	139	4576	18	18	58
Anaeroplasmatales	0	2	6	0	1	11	48	9	10	7	0	12	8	2	15	4	4	8	8	2	10	2	344	2	32	8	2	26	1	1	3	3	86	6	25	0	7	8	1	15	10	8	13	5	4	17	2	13	2	3	9	32	10	5	33
Candidatus Eremiobacterales	0	0	2	4	0	0	0	2	1	1	0	5	3	0	0	0	3	4	3	21	0	2	10	0	0	0	3	1	1	0	1	4	0	0	0	0	5	1	1	0	7	2	41	3	2	2	0	3	1	0	2	2	1	0	0
Nitrospinales	2	7	58	5	1	7	24	13	3	25	2	47	4	7	9	9	23	119	39	5	36	1	35	0	5	4	23	61	11	9	8	27	21	30	6	12	13	8	9	17	40	29	66	9	7	9	1	19	2	5	36	43	3	13	11
Caldisericales	0	0	0	0	0	0	0	0	0	0	0	0	0	0	0	0	2	0	0	0	0	0	0	0	0	0	0	0	0	0	0	0	0	0	0	0	0	0	0	0	0	0	0	0	0	0	0	0	0	0	0	0	0	1	0
Candidatus Cryosericales	3	0	4	0	0	64	7	4	1	8	0	3	1	0	2	18	9	5	3	3	0	1	6	0	1	2	4	82	1	3	2	3	8	0	0	0	5	3	2	5	3	1	5	23	4	2	1	0	0	0	2	6	0	1	1
Candidatus Peribacterales	0	5	3	11	0	42	1	3	2	0	0	2	2	1	1	5	5	0	0	2	0	163	12	0	47	4	1	15	3	0	40	0	1	0	1	1	0	0	0	22	2	0	4	1	0	26	23	1	0	8	9	91	0	3	5
Flavobacteriales	770	1281	2445	1339	1139	7778	2746	2133	1276	3843	432	2581	2939	1143	2315	2657	3315	2955	966	1636	3598	6218	7160	1143	5742	2158	1069	9830	830	667	4717	2776	2748	4203	1133	888	2006	1261	6064	4427	1892	5909	3248	4590	966	8044	3043	3311	689	974	2622	5858	1098	736	2679
Sphingobacteriales	392	761	919	475	534	2158	721	684	347	1122	180	797	1125	319	642	830	1106	710	410	532	946	2646	2106	594	2388	682	281	2744	221	271	1764	1658	740	982	393	222	705	404	1744	1503	529	1138	1075	958	375	2434	1301	1002	170	399	851	1897	315	261	790
Bacteroidales	5115242	6197630	3501690	5466753	8899690	5261483	465190	4144785	3655610	4750331	3554774	1234828	4489050	4243805	9021632	3213410	3224303	5242486	1970298	4914536	4534489	8653547	2457209	9596717	6444259	3364020	2743820	5335156	4907479	3623022	7583521	6528779	1969280	7094752	3709338	4112062	4177181	3989316	6849786	9738925	3329847	5175203	1242991	3088092	3460132	5240728	4505540	6292559	8383266	3208520	2409429	6083216	3206171	3175466	4474890
Marinilabiliales	204	392	255	231	190	1303	238	205	101	637	48	299	626	117	599	339	552	269	344	99	591	1178	1156	135	963	117	182	1295	64	184	1050	452	263	672	190	177	256	117	1013	683	218	839	513	456	99	1128	512	450	94	138	338	1108	84	102	355
Cytophagales	242	364	1165	450	309	2958	960	974	413	2106	125	1321	1447	267	923	1093	1919	1321	820	643	1089	2263	2265	420	2992	567	519	3296	604	260	2181	1397	1005	1575	375	349	793	340	3161	2098	1067	1773	1626	1128	337	2712	1758	1404	296	477	1201	1881	657	422	1016
Bacteroidetes Order II. Incertae sedis	19	24	127	4	7	92	57	70	16	93	4	74	63	5	11	32	188	57	85	49	62	7	71	14	30	13	83	67	28	3	30	64	88	30	10	10	90	17	150	84	171	101	241	48	26	114	86	69	20	9	85	47	37	23	44
Chitinophagales	95	496	671	297	196	1894	533	446	138	995	77	780	994	116	655	710	1014	1212	312	279	1541	1036	1454	201	1805	313	262	2303	234	68	1148	1243	542	1034	296	216	479	242	1625	1458	600	722	814	869	225	2092	865	794	144	154	592	1476	239	255	775
Saprospirales	29	130	174	107	21	335	84	56	46	188	128	113	149	29	35	105	138	133	140	83	186	372	252	24	191	42	65	373	26	15	426	244	351	166	40	55	173	29	405	541	95	149	229	187	77	239	182	129	29	52	108	189	34	51	183
Chlorobiales	20	11	88	20	5	41	75	54	12	74	5	247	67	7	30	15	60	68	89	42	43	6	128	4	62	81	44	51	17	4	79	70	63	130	26	17	29	31	62	57	60	108	164	90	37	20	56	49	16	10	79	52	24	38	62
Ignavibacteriales	9	13	31	8	4	47	59	59	7	65	68	80	20	13	13	15	46	18	5	41	172	6	163	17	168	28	7	61	19	22	72	49	72	23	8	19	12	11	175	103	19	165	90	28	25	39	69	63	10	39	102	126	40	20	79
Rhodothermales	15	7	12	0	0	21	23	10	1	26	0	72	18	1	0	8	42	27	20	14	21	3	12	2	30	3	18	18	11	0	18	6	17	5	3	8	20	1	44	0	46	27	124	18	3	9	3	7	4	2	29	37	12	12	4
Balneolales	5	10	82	10	4	23	81	18	7	8	7	18	27	15	37	10	26	5	4	9	6	2	123	18	141	18	30	39	5	3	16	19	48	90	26	9	10	14	48	9	18	29	29	8	3	15	2	51	12	11	7	23	7	7	14
Nostocales	137	115	302	216	98	324	324	242	310	284	52	302	210	221	440	334	321	303	103	158	434	374	820	41	467	227	124	1025	73	58	502	271	375	505	176	114	254	107	604	723	238	544	389	310	146	445	460	300	63	384	436	484	96	95	425
Pleurocapsales	1	9	7	1	0	19	12	10	5	4	0	31	2	5	9	0	11	4	4	0	8	0	21	4	18	3	4	83	39	0	0	12	5	2	7	4	1	1	0	19	9	7	22	11	2	15	2	2	1	2	42	8	2	2	8
Gloeobacterales	3	12	15	0	2	5	37	10	5	7	0	21	5	0	0	2	15	13	15	14	6	2	10	0	5	3	35	32	4	9	19	2	7	7	2	6	6	2	7	12	50	19	24	14	6	2	1	4	2	1	14	22	11	5	6
Synechococcales	58	138	450	51	19	333	329	221	66	255	81	579	322	113	109	161	528	211	306	266	380	67	482	24	381	161	227	701	138	44	354	2400	281	289	66	69	335	137	702	424	569	434	553	345	111	243	417	212	62	124	387	563	141	161	188
Spirulinales	7	1	6	3	3	26	2	16	0	8	1	12	7	7	3	8	10	11	3	6	2	0	12	16	5	3	8	35	1	4	9	4	46	1	1	0	5	5	8	16	6	8	14	4	3	4	0	25	24	1	7	43	47	7	16
Chroococcidiopsidales	1	0	3	0	0	5	6	2	1	40	0	5	3	1	6	2	7	1	6	1	0	5	3	1	2	39	2	5	0	0	12	0	4	0	0	54	7	0	3	7	0	58	62	0	0	3	3	0	0	0	8	2	0	1	2
Gloeoemargaritales	0	0	5	2	1	1	5	2	1	0	0	5	1	0	0	3	1	0	0	1	2	0	6	0	0	0	2	0	1	0	0	5	0	1	1	1	1	0	0	0	5	1	0	1	0	0	1	0	1	0	3	2	0	1	2
Chroococcales	6	13	48	25	2	65	65	50	18	19	14	48	17	13	92	27	45	34	42	19	74	43	132	19	34	20	41	102	13	4	73	128	132	57	27	224	72	12	79	327	70	160	126	34	27	81	5	53	22	23	30	62	20	14	218
Oscillatoriales	46	98	186	81	41	389	266	143	43	168	27	225	184	105	320	182	219	128	108	109	287	313	389	54	272	93	140	579	108	55	120	182	153	305	108	43	149	58	198	277	304	350	404	227	97	320	193	182	45	85	240	288	64	126	181
Candidatus Gastranaerophilales	122149	1398	35192	4522	5135	7418	6918	133672	3666	8980	3125	4041	5440	1967	23470	9152	8613	9258	239	5848	32347	78038	15466	169	51252	106374	2808	6490	2615	18885	10085	23782	204	46072	1261	7230	23554	3338	3201	17521	27322	105550	7969	9629	28277	42857	5781	2625	422	21477	6010	22701	1013	1221	8837
Candidatus Caenarcaniphilales	1	2	6	7	1	3	1	4	4	1	5	7	1	1	5	0	27	8	0	0	1	1	7	1	5	6	2	1	3	0	8	1	1	1	0	5	3	0	3	1	5	3	4	1	3	0	0	0	0	0	2	10	3	1	0
Candidatus Babeliales	1	1	0	1	1	0	1	0	1	7	1	1	0	0	1	1	0	0	1	1	2	0	5	0	0	0	1	0	2	1	0	0	0	0	3	2	0	1	1	0	0	0	0	0	1	1	1	0	0	0	0	14	2	0	0
Thermococcales	5	8	56	28	2	49	30	48	16	16	2	54	36	19	6	20	48	11	28	7	11	14	31	7	64	23	30	57	42	22	12	19	42	26	7	11	205	15	83	29	44	27	66	31	19	13	89	123	1	34	28	48	7	12	23
Archaeoglobales	0	2	23	6	0	21	15	8	0	9	0	6	7	4	1	2	10	4	2	4	14	0	8	2	4	4	20	9	3	4	7	6	10	20	4	2	7	2	8	1	10	7	12	4	8	7	1	18	0	2	10	28	3	1	3
Methanopyrales	0	1	2	3	0	1	0	0	2	0	0	1	0	46	0	0	5	2	1	1	0	0	0	0	0	0	0	0	1	0	0	0	0	0	2	0	1	2	0	0	1	2	1	2	2	0	0	0	1	0	0	0	1	1	0
Candidatus Methanoliparales	0	0	0	1	0	0	0	1	0	15	0	1	0	0	0	0	0	0	2	0	0	0	1	0	0	0	0	0	0	0	0	1	0	1	2	0	0	0	0	0	1	1	3	0	0	1	1	1	2	0	0	0	0	0	0
Methanobacteriales	426	145	983	173	85	321	88968	3463	339	304	49	87111	263	382	214	140	137558	260	80	191	229	106	16283	210	224	230	245	883	214	152	234	230	367	339	209	351	173	113	274	286	303	506	9976	292	1137	475	332	327	76	145	326	9134	314	127	209
Methanococcales	14	6	8	5	7	41	80	32	24	10	6	14	16	17	5	13	14	21	10	10	3	14	69	18	40	10	14	33	1	6	14	12	100	20	11	3	57	13	18	62	5	9	14	7	9	19	9	27	5	18	40	45	11	7	29
Thermoplasmatales	6	6	23	5	2	27	40	10	22	9	1	18	13	6	16	2	15	3	23	17	23	11	38	3	8	12	17	15	7	18	24	4	13	138	13	5	32	4	5	37	67	43	39	12	7	10	1	19	2	10	12	9	9	17	27
Methanomassiliicoccales	11	21	159	7	3	77	113	92	34	67	10	351	29	14	169	34	144	59	194	58	176	10	77	3	49	55	41	61	45	44	27	68	83	53	30	61	49	20	45	32	415	216	157	119	57	23	32	74	13	9	188	123	38	78	53
Candidatus Poseidoniales	6	26	137	28	34	97	158	149	10	21	61	190	89	34	171	25	156	124	52	39	90	50	162	106	91	148	81	100	20	10	160	294	124	263	72	9	73	19	101	177	139	117	144	98	51	112	111	101	11	47	136	120	58	21	95
Halobacteriales	72	72	324	37	13	162	330	189	54	225	33	661	160	13	60	50	355	199	348	189	132	42	236	8	93	101	354	75	135	43	64	184	326	106	57	81	515	48	62	49	667	318	1326	230	153	63	118	222	62	69	296	248	134	177	108
Haloferacales	44	48	251	44	14	88	286	88	32	88	7	506	184	7	37	80	238	99	266	126	123	59	109	11	120	64	126	205	101	21	114	172	115	143	28	34	222	22	176	161	321	226	810	156	93	87	221	122	25	46	194	125	88	94	130
Natrialbales	35	107	172	39	2	80	149	59	97	139	30	249	55	3	17	27	247	74	254	74	113	37	57	3	74	51	100	45	48	19	36	104	87	89	22	20	114	21	80	26	232	147	356	100	46	18	36	69	32	14	157	93	55	114	58
Methanomicrobiales	22	58	263	32	21	242	143	128	45	62	93	401	87	12	25	42	370	115	176	92	196	34	145	18	131	104	107	160	109	21	133	139	181	136	64	42	176	46	82	74	250	165	803	164	82	124	60	126	12	32	298	274	33	58	59
Methanosarcinales	49	97	323	35	42	195	195	122	137	107	29	239	122	67	97	23	212	115	112	145	146	48	255	46	137	47	83	194	131	22	118	152	141	167	63	51	98	67	176	393	193	113	219	224	87	100	156	138	38	33	254	252	93	81	165
Methanocellales	4	4	10	3	0	4	24	7	1	4	0	14	2	0	0	4	20	15	4	5	4	1	8	0	12	7	4	1	3	0	6	0	1	5	1	2	14	2	27	0	18	8	22	12	3	2	1	0	1	4	8	4	1	1	12
Methanophagales	0	2	3	0	0	2	3	4	3	0	0	7	2	4	0	2	5	41	4	2	2	2	13	0	22	1	0	4	1	6	1	0	53	15	1	3	2	0	3	5	5	13	29	7	1	3	6	25	3	1	23	15	3	1	1
Thermoproteales	3	7	63	0	0	27	30	11	4	7	0	50	7	12	6	0	47	9	41	11	58	2	77	1	5	24	15	5	7	1	1	12	18	5	0	4	19	1	8	2	50	24	57	19	26	48	7	6	1	2	53	15	13	9	16
Sulfolobales	8	9	50	13	4	52	30	27	17	24	1	11	12	12	3	4	35	24	2	15	27	4	36	8	17	30	4	8	2	3	23	15	22	42	29	11	22	2	9	23	15	20	34	30	18	16	7	34	0	9	28	34	5	3	9
Desulfurococcales	0	2	12	0	0	6	31	1	0	7	0	13	33	2	12	2	9	3	3	2	2	3	7	2	6	13	4	3	2	1	8	5	1	3	5	2	1	4	0	11	8	2	22	2	10	6	0	10	1	0	22	12	1	6	10
Fervidicoccales	0	0	0	0	0	0	0	1	0	0	0	0	0	0	0	0	0	0	0	0	0	0	0	0	0	0	0	0	1	0	7	23	0	0	0	0	0	0	0	0	1	0	0	0	0	0	0	0	0	1	0	0	0	0	0
Acidilobales	1	0	13	1	0	4	5	0	0	0	0	5	26	0	2	1	4	9	4	1	2	0	1	0	14	7	1	7	6	0	2	5	1	11	0	2	3	1	0	5	13	8	4	18	3	4	6	6	0	1	8	13	1	2	4
Nitrosopumilales	4	7	33	8	2	72	68	13	8	5	0	32	2	69	2	11	17	17	2	12	5	1	135	2	29	11	20	33	3	8	107	9	56	4	5	3	1	20	35	62	14	48	23	14	6	16	47	7	3	12	23	62	7	7	43
Cenarchaeales	0	0	2	0	0	0	0	4	0	0	0	0	0	2	0	0	0	0	0	0	0	0	0	0	0	0	0	0	0	0	0	3	0	0	0	1	0	0	0	0	1	0	2	0	1	0	0	0	0	0	0	0	0	1	0
Nitrososphaerales	8	14	7	0	1	43	15	31	5	95	0	14	29	1	2	20	11	10	1	30	8	1	20	0	25	3	10	27	2	2	39	10	8	4	20	2	5	4	6	3	12	17	21	24	2	30	55	132	5	0	28	9	3	2	1
Candidatus Nitrosocaldales	0	0	0	0	0	0	2	0	0	0	0	2	0	0	0	0	0	32	0	0	0	0	0	0	0	0	0	0	0	0	0	0	1	0	0	0	1	0	1	0	0	0	2	0	0	1	0	0	0	0	0	2	0	2	0
Candidatus Methanomethyliales	0	0	7	0	0	3	2	3	0	0	0	2	0	0	0	0	2	3	6	1	2	0	0	0	1	0	2	0	1	1	0	0	1	0	0	0	3	0	0	0	10	0	1	1	1	0	0	1	0	0	0	1	1	2	0
Nanoarchaeales	0	1	1	1	0	0	1	0	0	1	0	3	0	1	0	0	0	1	0	0	0	0	2	0	3	0	2	0	0	2	0	3	0	0	0	10	0	0	13	1	0	23	9	0	1	0	0	0	1	0	0	1	0	2	0
Candidatus Altiarchaeales	1	3	76	2	3	3	9	6	1	0	0	12	8	0	6	1	45	5	4	7	2	0	21	7	6	5	6	1	2	0	5	10	18	18	5	4	33	9	0	0	8	13	34	4	10	0	27	11	0	0	11	8	9	3	40
