SRR13378614	SRR13378610	SRR13378559	SRR13378572	SRR13378597	SRR13378569	SRR13378573	SRR13378607	SRR13378577	SRR13378635	SRR13378632	SRR13378554	SRR13378574	SRR13378624	SRR13378623	SRR13378596	SRR13378583	SRR13378578	SRR13378618	SRR13378592	SRR13378626	SRR13378599	SRR13378591	SRR13378588	SRR13378631	SRR13378604	SRR13378620	SRR13378551	SRR13378546	SRR13378593	SRR13378590	SRR13378564	SRR13378613	SRR13378634	SRR13378556	SRR13378550	SRR13378598	SRR13378560	SRR13378584	SRR13378605	SRR13378547	SRR13378585	SRR13378575	SRR13378581	SRR13378562	SRR13378633	SRR13378587	SRR13378608	SRR13378611	SRR13378616	SRR13378565	SRR13378595	SRR13378579	SRR13378625	SRR13378609	SRR13378586	SRR13378621	SRR13378567	SRR13378622	SRR13378558	SRR13378606	SRR13378603	SRR13378576	SRR13378594	SRR13378582	SRR13378548	SRR13378627	SRR13378561	SRR13378549	SRR13378619	SRR13378568	SRR13378571	SRR13378555	SRR13378570	SRR13378612	SRR13378617	SRR13378589	SRR13378557	SRR13378600	SRR13378630	SRR13378602	SRR13378629	SRR13378566	SRR13378552	SRR13378601	SRR13378553	SRR13378628	SRR13378580	SRR13378563	SRR13378615
Milneviricetes	0	0	0	0	0	0	0	0	0	0	0	0	0	0	0	0	0	0	0	0	0	0	0	0	0	0	0	0	0	0	0	0	0	0	0	0	0	0	0	0	0	0	4	0	0	0	1	0	0	0	0	0	0	0	0	0	0	0	0	0	0	0	0	0	0	0	0	0	0	0	0	0	0	0	0	0	0	0	0	0	0	0	3	0	0	0	0	0	0	0
Monjiviricetes	0	0	0	0	1	0	0	1	0	0	0	0	0	0	0	0	0	0	0	0	1	1	1	0	0	1	0	0	0	0	1	0	0	3	0	0	0	2	0	0	0	0	0	0	0	1	0	0	0	1	0	2	0	0	0	0	0	0	0	0	0	0	0	0	0	1	0	0	1	1	0	0	0	0	0	2	0	0	0	0	1	0	1	0	2	1	1	0	0	0
Ellioviricetes	0	0	0	0	2	1	0	0	1	0	0	0	1	1	2	0	0	1	1	2	1	4	0	0	0	4	0	1	0	1	2	0	0	0	2	2	0	5	0	0	0	1	1	2	0	1	2	0	0	0	0	2	0	4	1	0	0	0	0	0	0	0	1	0	0	0	0	13	0	1	0	0	0	0	0	4	0	0	0	0	1	1	5	0	4	0	2	0	0	2
Chytridiomycetes	100	188	49	448	254	33	276	168	85	276	85	20	51	42	96	68	150	96	51	162	180	226	48	117	56	147	253	107	253	111	100	53	101	116	64	195	75	74	60	127	41	36	338	188	171	127	249	33	71	390	26	259	93	117	144	113	54	96	17	174	31	135	136	57	94	99	113	53	27	90	31	125	46	28	98	73	41	54	215	44	130	101	409	40	227	76	403	66	267	122
Monoblepharidomycetes	3	17	6	7	8	4	6	15	9	11	4	3	8	4	14	5	2	2	4	9	9	20	3	6	5	4	10	5	5	2	5	4	9	19	0	3	4	9	3	25	2	6	21	4	25	7	21	4	22	7	1	31	9	4	4	3	7	0	3	4	5	23	25	6	38	4	28	6	15	73	2	4	1	3	6	5	3	8	18	4	4	14	25	2	25	10	63	29	13	9
Neocallimastigomycetes	564	140	32	772	707	150	1239	25	212	654	195	31	102	22	151	20	248	261	79	284	1877	70	70	112	85	1664	110	7	88	348	142	228	282	61	239	201	211	217	8	66	239	66	280	493	101	121	67	9	22	187	40	1016	165	124	979	37	107	135	68	196	3	70	52	71	33	209	130	87	123	190	27	319	93	26	32	132	217	312	68	78	597	111	2292	114	1888	108	582	61	1520	429
Blastocladiomycetes	23	41	19	7	24	11	121	42	21	51	31	8	5	13	29	31	22	4	8	25	21	41	31	44	15	15	29	35	3	11	5	14	52	35	3	41	13	26	34	17	11	13	142	17	50	19	35	8	29	33	2	40	43	27	34	22	26	3	6	20	4	48	32	24	64	11	22	9	5	20	7	22	9	4	49	16	7	6	120	15	20	44	43	9	19	28	61	21	49	22
Glomeromycetes	6601	1392	750	10079	8553	2292	15505	691	1760	8553	1301	268	1645	436	2122	701	3945	3457	1145	4723	15732	1124	492	808	1034	15450	2184	185	1836	5113	1181	2469	2933	1180	2327	1300	2312	1439	478	1121	3745	680	4861	7823	1917	1773	1058	320	429	2195	581	13805	1243	1842	9402	960	1069	2449	671	2879	159	1162	859	506	1052	2761	1299	1212	797	2822	374	2978	805	465	761	1673	2807	1802	1213	976	6129	955	23012	723	17977	531	7091	724	13144	4914
Endogonomycetes	4	2	1	8	2	2	5	6	0	0	7	0	16	3	0	4	1	2	3	0	1	4	4	1	2	1	9	0	3	1	2	2	1	11	0	2	1	2	1	5	0	3	11	14	15	2	9	0	2	1	0	4	13	3	1	2	2	1	6	2	1	8	6	0	0	3	1	2	8	0	1	3	1	18	3	4	1	0	13	3	4	6	5	0	5	2	9	3	2	1
Mucoromycetes	5510	1005	1035	8481	5509	2547	12385	1249	1084	6434	779	289	1767	778	1405	885	3689	3479	1682	5386	9756	956	562	610	376	9979	1420	304	2570	3842	775	2990	2041	715	2536	1571	1438	802	825	666	3994	506	3888	6471	2989	1090	1454	411	514	2057	482	11043	1154	2258	7945	1100	536	2674	401	3704	248	1672	1585	483	1451	1903	644	1141	597	2698	490	1687	656	490	985	1008	1088	636	1369	869	4368	959	15696	587	11013	987	5419	629	9049	4225
Mortierellomycetes	311	101	9	193	148	86	412	48	10	163	17	16	81	6	63	45	92	99	51	98	260	42	10	62	25	106	93	19	80	87	9	15	111	61	82	34	129	13	42	42	76	22	253	270	61	48	94	1	39	84	5	213	57	114	219	68	33	122	35	106	20	54	70	14	82	47	35	37	3	72	6	112	13	9	45	84	39	10	33	8	157	35	262	18	192	69	316	42	225	131
Zoopagomycetes	30	68	10	17	43	13	123	52	21	61	59	6	65	14	70	30	25	17	18	218	91	45	18	15	17	36	84	69	9	165	16	54	65	48	5	106	32	16	75	39	119	21	146	58	145	39	47	7	21	87	2	281	51	40	64	20	14	25	10	90	15	40	29	27	36	18	29	53	11	54	14	32	12	24	35	23	82	22	107	36	183	90	50	16	64	64	186	23	30	33
Kickxellomycetes	13	16	7	11	7	7	15	7	15	10	10	0	19	4	26	4	7	2	3	10	12	10	2	4	3	15	5	1	5	9	5	4	9	6	9	8	11	9	4	6	6	8	24	8	20	9	5	4	7	26	0	17	2	4	15	5	4	6	2	12	4	15	10	7	14	5	2	5	2	8	4	21	5	2	3	5	5	7	13	2	9	7	23	5	38	22	17	3	23	5
Dimargaritomycetes	2	13	7	63	9	3	4	1	22	47	8	1	4	0	1	4	8	5	4	6	36	4	1	1	8	4	9	4	2	3	1	4	6	6	4	7	6	3	2	26	1	0	20	9	72	1	3	0	6	4	0	9	6	9	6	2	1	2	3	3	0	3	4	3	4	7	7	2	25	35	2	4	1	0	7	2	2	4	4	7	6	6	97	3	59	1	31	3	4	3
Harpellomycetes	722	316	78	1120	937	201	1967	103	221	863	191	42	186	35	305	60	374	340	108	508	1909	170	78	111	161	1940	375	32	131	722	187	294	410	189	264	134	349	200	29	196	414	114	589	942	225	239	165	32	100	171	45	1524	177	177	996	114	213	212	107	310	20	162	108	64	80	379	223	181	126	414	42	532	120	74	67	276	486	231	163	122	682	145	2539	112	2228	101	1161	137	1557	535
Entomophthoromycetes	228	261	50	428	343	89	788	106	114	362	129	52	75	79	247	73	192	180	66	309	609	197	31	72	144	670	289	30	158	218	109	152	166	189	119	116	188	168	158	216	129	74	471	441	151	274	141	53	79	206	36	589	97	128	346	50	80	126	40	150	17	114	113	279	173	132	150	117	65	197	8	238	57	78	96	191	117	120	174	62	293	112	905	82	684	72	576	71	594	202
Schizosaccharomycetes	32	36	5	29	73	13	34	9	17	37	13	3	3	2	26	0	14	42	2	19	55	37	1	14	24	61	9	10	5	8	11	14	17	7	5	14	21	12	6	21	9	13	43	37	38	28	17	22	3	23	10	51	1	6	42	5	8	10	5	14	2	6	5	6	9	23	8	7	22	38	2	15	5	3	11	10	8	15	10	6	38	15	52	5	84	7	79	7	131	19
Taphrinomycetes	33	39	16	65	37	7	68	24	18	29	15	5	12	9	48	9	11	17	9	28	24	51	3	22	25	16	82	15	10	12	16	18	16	29	5	37	16	19	17	63	8	19	101	37	56	63	39	15	14	30	1	50	25	19	20	13	25	7	4	32	1	91	38	18	42	11	19	21	4	57	4	15	15	5	4	16	25	11	29	8	42	73	39	6	21	12	123	24	19	17
Neolectomycetes	1	7	2	0	3	3	37	2	20	2	4	0	0	2	90	1	0	2	0	1	4	16	0	6	0	2	2	2	1	1	3	0	2	1	1	1	2	4	8	17	0	1	2	10	0	0	3	0	1	0	0	2	0	0	2	3	2	0	0	1	0	2	1	0	12	2	1	1	1	15	0	4	2	1	1	1	2	2	3	4	1	6	5	0	1	34	3	2	4	0
Saccharomycetes	6349	4035	1265	12580	8209	4039	15548	4114	3140	10806	2423	535	4149	628	5796	1816	23438	4473	3545	10873	15133	4549	1221	2576	2148	11907	5777	2302	3725	6967	2373	3850	5002	2741	4046	4585	3774	2095	2929	3334	3701	1507	11420	10235	5282	5142	3620	786	1857	4540	835	15147	2733	3104	10344	8533	2383	3200	1350	4910	488	3801	3537	2499	2855	3508	3033	2030	1350	6071	542	5196	1561	1450	4089	3642	2822	1904	3944	1714	5973	11446	21461	1772	16004	4234	21992	2486	13941	5109
Pezizomycetes	511	458	151	1332	645	189	1457	345	411	850	241	59	316	100	318	186	605	410	172	866	1026	357	92	216	166	966	693	153	241	434	145	323	405	202	298	407	292	281	271	384	357	144	1054	792	635	400	487	80	212	269	102	1197	289	351	786	190	228	198	101	500	95	387	270	174	314	369	257	219	116	490	80	460	203	66	405	318	251	131	792	177	603	307	1549	133	1059	352	1089	209	1000	468
Orbiliomycetes	392	146	98	646	579	169	1340	133	184	800	169	30	171	56	158	83	269	229	141	364	963	167	43	117	71	996	205	48	156	326	156	200	245	113	200	212	210	112	119	172	236	69	592	577	317	208	174	43	132	196	55	1102	164	281	678	152	108	160	45	332	28	181	107	92	185	207	149	107	61	248	42	235	70	67	135	136	165	85	217	93	452	186	1329	108	1045	175	656	65	753	315
Eurotiomycetes	3635	2517	1022	6090	4112	1527	7125	2027	1764	5090	1337	326	1657	611	2419	1337	2408	2117	805	3292	7211	2341	663	1252	1065	8397	3060	887	971	3015	1123	1926	2490	1708	1540	2399	2186	1409	1969	1959	2137	744	6843	4835	4328	2863	2224	659	1226	1940	641	8140	1835	1795	4579	1568	1386	1197	573	2477	437	2566	1927	1040	2062	1559	1512	980	914	2426	445	2960	844	613	1562	1931	1493	1274	2838	983	4301	2063	10934	905	8222	2404	5879	1297	6504	2919
Lecanoromycetes	517	210	68	1019	477	93	785	89	167	622	98	39	132	19	164	127	134	213	89	214	817	167	42	85	135	996	257	45	311	204	120	93	191	120	132	188	154	204	66	137	124	46	511	327	216	151	324	39	104	215	45	646	145	144	598	71	104	102	35	298	33	178	157	62	122	159	181	107	70	190	22	212	90	28	170	102	165	106	164	58	380	130	1084	67	797	149	564	77	576	216
Geoglossomycetes	1578	1984	1299	4698	2343	1177	2375	3022	1668	3530	1869	545	2236	773	2071	1830	1268	1614	950	2863	1962	3076	831	1700	890	1341	3022	976	2131	1133	1395	1327	1659	1725	1314	2612	1897	1684	2859	1717	974	752	7386	1696	5080	2041	2492	1803	1837	2775	535	4411	2901	2564	3171	1431	1876	1033	450	2060	552	4207	2615	1201	2468	1309	1890	1063	566	1266	1147	2338	597	943	2298	1598	881	799	5584	1216	2081	2877	3091	651	2384	3205	5998	1358	1864	1916
Xylonomycetes	10	26	4	11	53	28	32	126	3	22	16	4	3	2	12	1	7	5	9	10	25	19	11	5	5	21	31	4	2	6	19	16	16	10	9	17	14	10	9	38	2	3	37	22	12	12	31	0	18	6	1	25	6	5	28	9	6	11	1	17	2	20	16	3	13	9	7	10	1	15	9	13	2	4	9	10	14	7	10	20	27	14	53	2	44	8	41	4	18	13
Arthoniomycetes	13	21	2	7	9	1	12	16	3	8	11	1	34	0	3	1	2	7	0	3	25	23	3	4	10	17	18	8	2	22	2	7	7	12	3	3	5	1	2	5	6	2	12	87	5	1	27	1	3	2	0	11	4	8	17	1	8	1	0	5	5	13	27	4	3	15	21	1	2	2	1	58	0	18	9	3	7	14	21	2	8	7	162	1	24	6	54	3	8	11
Dothideomycetes	1989	3226	1196	6241	5902	1181	8252	2251	1746	7755	1588	423	1636	689	2565	1861	2469	1655	823	3491	8369	3013	594	1431	1094	7302	4065	1511	956	4279	1180	1296	3037	2367	2604	3063	2759	1420	2298	2740	1422	1062	7383	4773	5111	3183	2811	559	2019	2605	698	5771	2561	2071	3767	1539	1745	1412	657	2169	961	5349	2348	1041	2953	1397	2023	1142	655	2600	691	2446	647	732	2746	1753	2122	992	4469	1170	2538	2691	10067	767	8494	3521	8523	1429	6647	2160
Leotiomycetes	2929	1586	678	5895	3511	1258	6468	961	1436	3496	937	256	2018	239	1605	752	2066	1627	462	2705	6596	1370	730	825	829	7919	2615	438	821	2432	1022	1407	2404	1146	1306	1431	1929	1261	1368	1369	1892	711	4587	4083	2088	1749	1534	322	609	1318	529	5711	1080	993	4489	1026	961	1609	459	2087	203	1172	1141	498	1121	1283	1124	1065	664	1940	667	2134	657	681	820	1417	1368	958	1818	576	2643	1051	9623	874	7462	1649	4092	963	6053	2306
Sordariomycetes	14281	13937	5839	24621	21408	6110	29754	15420	10142	26022	10753	1989	9027	4051	12413	8215	9949	10922	5846	18519	30853	16172	3628	8061	5378	30491	16254	6399	7435	11561	7629	7570	11179	10725	9253	13522	11238	9294	10565	9702	7344	3562	40853	18004	28706	12706	13297	6157	8468	14684	3329	33879	13966	13406	23160	7112	10938	7142	2677	11794	3185	20128	12630	6662	12930	9050	10475	5275	3808	9756	4266	14729	3333	3722	12072	9000	7863	6935	23148	5944	18186	15523	45788	4533	32456	15806	35805	7427	26844	13639
Laboulbeniomycetes	15	2	0	2	7	6	8	0	3	1	1	1	3	0	6	7	2	1	0	1	3	0	1	0	2	4	6	0	0	4	1	2	8	3	1	1	16	2	14	6	2	0	7	7	14	4	34	6	1	7	0	5	3	5	10	3	2	1	1	1	0	2	5	4	4	3	1	3	2	4	1	1	1	2	5	1	3	1	2	1	0	1	7	0	8	27	0	0	1	2
Tremellomycetes	482	1321	839	1124	1312	332	826	928	605	1302	1050	113	393	236	1298	725	545	819	351	1208	635	1025	184	592	336	405	1414	443	558	657	371	341	616	883	649	1789	372	621	846	840	321	161	4631	1677	2242	835	864	500	649	1179	150	1916	1313	1518	790	406	979	182	117	765	187	1880	1284	444	1217	1076	1038	299	139	974	262	686	155	252	767	526	318	315	2003	620	1880	1154	1131	254	927	1762	3403	462	651	465
Agaricomycetes	2416	4909	1687	4864	3432	1601	4469	2931	2233	3980	1846	543	2358	860	3758	1878	2119	1719	993	3422	3490	4231	927	1730	1463	2875	4695	1394	949	2303	1417	1879	2313	2735	1791	2891	2388	1782	3180	3542	1492	1085	9458	3730	6372	3714	3295	926	2402	2700	919	4797	3229	2298	3460	1876	1934	1243	533	2899	820	9134	3106	1343	3220	1744	2174	1373	930	3057	1026	2498	927	1023	2321	2545	1411	1022	5918	1335	2614	3360	5471	781	4120	4165	8456	1832	3625	2283
Dacrymycetes	22	39	29	9	26	6	29	58	19	33	26	1	2	16	15	28	12	2	16	24	12	60	10	12	12	43	36	20	20	10	13	7	15	31	14	31	26	5	40	74	10	9	43	35	61	46	55	21	31	161	8	78	35	19	34	7	9	7	3	30	12	40	75	8	28	9	77	8	1	19	5	20	3	8	32	23	11	12	63	15	24	38	28	11	23	23	172	21	15	14
Agaricostilbomycetes	1	4	5	6	111	0	4	9	8	9	8	6	2	1	3	7	8	2	2	13	4	13	2	0	2	3	16	3	0	0	2	39	1	5	99	6	0	1	3	1	0	1	20	2	24	8	6	1	6	11	0	3	2	3	9	0	2	2	1	31	1	9	10	36	4	34	8	3	6	33	4	2	7	3	11	1	7	3	82	12	7	10	8	1	2	2	23	4	1	4
Microbotryomycetes	114	210	107	141	153	36	231	267	128	215	146	28	142	44	187	147	60	65	66	177	175	220	55	180	82	100	269	137	78	42	113	47	135	161	90	382	121	137	337	236	62	82	1207	130	529	174	272	75	202	220	47	342	173	127	195	64	171	42	32	149	97	645	292	120	433	91	134	42	47	146	76	211	47	58	229	92	98	87	581	83	158	258	242	60	190	404	467	147	197	117
Pucciniomycetes	3662	1614	445	6262	4313	1571	9041	547	1468	4163	983	304	1165	284	1693	434	2159	1821	676	2816	8550	1048	433	759	820	7866	1855	207	953	2725	757	1537	1944	923	1298	1211	1745	1136	712	936	2030	514	3898	4550	1382	1619	986	181	547	1619	586	7077	828	1111	5684	659	944	1236	472	1810	114	712	677	447	762	1477	1215	743	829	1812	206	2180	711	307	537	1499	1571	1245	1062	555	3096	760	13452	753	9450	820	4346	680	7465	2923
Cystobasidiomycetes	41	73	26	37	33	105	146	27	56	61	30	5	130	11	60	16	88	62	15	222	9	58	16	29	13	5	89	12	31	27	19	31	38	101	34	36	22	29	97	41	73	24	106	36	89	44	59	30	33	65	6	64	27	24	40	35	22	25	6	59	12	72	34	34	80	33	26	22	16	88	17	92	15	29	37	22	17	14	117	12	39	53	131	16	29	129	149	18	25	19
Mixiomycetes	2	4	4	11	3	0	6	10	1	5	0	1	2	0	3	3	0	1	5	9	0	13	2	0	1	1	3	6	1	0	2	8	5	1	2	2	4	1	2	4	3	5	2	30	4	4	0	6	1	0	6	9	5	0	0	3	3	0	1	1	0	5	0	1	0	0	4	1	2	1	5	9	0	4	22	2	3	1	5	3	0	5	2	0	2	0	12	0	2	0
Ustilaginomycetes	164	179	71	284	251	51	318	308	101	359	146	23	161	91	177	120	77	110	71	350	213	238	53	204	74	162	246	85	126	122	156	283	148	295	39	391	144	245	332	144	31	51	818	204	490	284	227	71	277	176	48	383	177	188	259	82	94	135	30	195	65	281	306	139	267	70	119	54	30	109	50	213	28	63	228	136	78	40	394	83	177	239	1601	67	243	222	478	294	296	190
Exobasidiomycetes	72	179	65	210	126	148	266	195	87	229	101	22	193	28	202	99	137	77	52	353	163	203	55	84	58	95	202	125	89	79	81	248	168	152	134	300	127	64	164	120	75	36	483	199	335	184	193	31	241	124	56	182	102	111	131	222	61	109	31	175	66	296	126	78	179	90	102	54	61	75	69	112	31	110	95	106	53	37	341	82	147	178	142	51	161	287	403	126	153	94
Malasseziomycetes	69	120	24	60	94	25	104	161	61	126	65	13	81	27	176	91	83	26	47	260	74	193	37	93	37	52	195	199	797	75	86	170	91	94	46	201	89	100	101	91	24	27	356	114	450	112	105	31	88	91	37	249	102	132	109	52	103	54	20	112	49	293	210	71	126	97	94	53	21	126	43	74	15	49	200	86	43	31	218	46	91	194	127	33	112	144	291	77	160	69
Wallemiomycetes	16	6	1	3	112	0	41	2	3	85	7	0	2	2	3	6	3	6	1	22	6	5	1	3	4	9	9	1	0	2	5	5	9	5	1	45	2	0	8	4	6	1	32	6	19	2	4	0	1	5	1	82	7	3	3	1	0	0	0	58	2	4	4	3	8	13	1	3	15	2	1	7	1	1	2	18	5	0	0	0	0	1	9	0	9	1	28	6	41	1
Geminibasidiomycetes	5	15	9	22	32	4	11	47	28	32	19	6	36	3	7	20	5	1	8	29	16	12	31	7	6	3	17	128	8	13	11	2	37	6	4	104	8	6	143	6	5	7	95	20	51	49	24	1	23	14	0	14	20	20	17	32	16	1	6	51	9	37	106	11	35	1	17	9	4	0	13	24	7	11	19	9	8	6	27	15	13	18	14	4	17	50	46	20	9	5
Gammaproteobacteria	194639	73594	49784	276719	147915	110295	197465	159134	137463	99519	175237	45729	130524	48833	490007	77202	151573	1155025	30015	257849	83139	72855	53510	65656	152950	24932	178719	37720	26990	212072	117622	567282	86413	245610	113300	98366	254944	87824	143219	90351	202835	117210	358961	618642	112162	65081	294585	110612	146674	898903	82224	221565	155818	722261	213540	138599	101740	730472	18953	79558	17083	200808	283717	23872	42222	1330673	68100	54714	159836	96384	20427	202160	32029	174813	530581	51417	59765	132081	475259	210689	203175	233362	1156198	218018	167204	152691	395630	379109	1146860	129122
Alphaproteobacteria	15908	48811	12794	36243	25322	18590	57135	24586	23115	32208	18727	3427	18925	6692	19346	52110	15025	14868	10120	33929	19349	26779	35393	118438	7916	28825	31986	22213	7804	18000	12508	107589	16161	17046	20390	16748	24191	15614	14330	17856	25383	7253	357331	47633	47279	21091	69992	11450	23032	25249	3883	55167	24094	68682	34014	13915	26288	13571	4968	532006	5834	30838	77222	16080	18713	16901	19572	7996	8664	14624	6153	96268	7501	6467	19939	15186	12519	8225	56171	9962	31319	28815	56774	6765	22676	32866	45845	13988	20467	24019
Betaproteobacteria	15242	10824	33973	64954	30003	28647	33013	17661	61119	21831	25255	22432	38857	3483	44861	9684	152164	208364	5686	121441	18972	22939	21160	95891	8372	4833	19273	56760	4521	20163	8446	60214	19867	11199	27086	39248	23160	20742	24816	25361	65625	48787	42065	22742	36559	26897	15942	269216	8813	34834	25609	50465	16275	15712	22780	18441	11694	76594	5380	29811	4011	17555	78401	7679	22724	6762	11044	9537	10188	93375	4093	19961	6961	10096	21580	8555	8964	4060	24723	6338	12034	19954	39400	8856	12137	77504	31225	79255	233574	27076
Zetaproteobacteria	43	161	75	52	88	41	213	104	67	210	90	17	33	19	123	244	104	76	56	181	224	197	16	82	46	72	147	103	5	62	22	28	87	118	19	78	240	36	66	167	52	29	378	172	232	49	152	45	84	229	39	338	108	137	106	58	50	42	27	58	73	375	75	29	81	45	62	32	9	40	27	255	30	20	53	43	44	20	190	38	150	138	221	23	118	190	238	58	59	81
Oligoflexia	157	329	152	245	298	182	690	192	281	578	196	45	220	33	137	163	235	163	110	431	410	289	38	268	126	316	404	126	54	299	118	179	285	255	108	292	245	235	149	154	221	75	1025	377	354	350	271	60	124	292	98	883	217	230	461	176	158	164	92	186	60	250	315	171	233	133	153	117	104	135	52	719	65	73	109	189	150	90	273	108	412	231	1535	74	743	247	687	174	399	180
Acidithiobacillia	15	66	30	107	83	46	58	93	84	314	44	5	154	10	92	44	42	57	31	252	41	67	25	34	19	20	26	15	30	34	24	17	61	30	40	229	33	32	39	59	30	39	108	79	138	65	60	71	49	69	5	166	90	74	56	37	33	28	11	41	15	366	151	27	33	13	47	24	18	9	14	109	8	13	67	34	17	12	104	23	54	70	77	26	103	148	88	51	146	35
Candidatus Lambdaproteobacteria	2	9	3	2	3	1	3	0	5	12	6	0	8	0	4	0	5	13	2	3	9	6	1	14	1	2	9	4	5	0	0	1	1	10	0	3	4	1	3	9	0	1	25	7	2	4	2	0	2	3	0	24	8	12	9	1	3	0	0	14	0	8	8	3	1	12	3	1	1	1	2	12	2	0	12	8	5	2	18	3	9	9	6	1	22	5	13	3	10	6
Candidatus Muproteobacteria	8	32	9	17	58	6	14	68	29	60	44	3	22	9	49	41	5	27	32	40	25	45	8	17	9	20	61	8	19	5	23	6	32	26	12	15	41	49	35	15	5	4	170	23	127	24	26	25	40	87	11	51	45	63	36	16	37	6	4	64	15	69	68	21	25	22	28	9	6	14	11	62	1	4	45	17	9	11	79	11	74	51	76	7	20	97	62	20	56	23
Hydrogenophilalia	39	75	71	97	76	37	48	111	65	102	128	10	82	22	55	87	62	59	40	189	74	126	30	58	33	22	111	21	16	28	35	11	47	75	43	87	78	47	74	49	23	28	166	33	262	48	101	288	66	249	3	171	65	91	113	40	102	27	13	62	40	112	117	40	85	35	79	32	20	20	20	67	16	32	85	55	18	18	175	51	64	124	91	20	45	166	183	36	56	55
Deltaproteobacteria	3325	7401	4421	3569	9847	1494	7924	10459	27301	18616	10735	1239	5556	1964	6596	6206	13809	13891	8047	19138	14409	9931	3114	17649	4826	3347	21616	6283	3179	4446	6027	1878	3632	8020	3777	13910	8493	5086	7091	6993	1403	3490	33051	15455	18304	6341	35815	3000	6472	37667	1554	34980	10435	10694	24057	3327	6618	3855	1110	6076	2348	13822	20046	9123	18350	25241	18133	1904	934	4546	2280	13657	693	1247	10229	5215	4121	3653	20796	4553	7672	9147	30105	7044	8974	29652	25567	38215	14878	9438
Epsilonproteobacteria	62687	1123	513	25863	1667	13329	5393	2530	2563	6606	746	183	796	245	936	4368	855	1141	323	1587	3991	1032	288	575	445	1997	4251	14090	365	33277	477	2433	5785	905	1824	23207	17192	25547	443	2874	13999	461	13553	19090	1258	1141	3401	165	359	796	482	42947	702	1206	2198	6525	689	885	20746	4527	124	1268	1473	546	1985	639	1134	567	571	1059	235	13042	1983	3693	525	13009	24846	4464	1119	1851	2440	1248	65136	754	4604	687	23681	1149	2434	1085
Fusobacteriia	2519	1107	352	809	1582	1151	12047	316	1780	2873	1656	1314	315	125	3201	369	10430	1375	465	815	2835	6646	185	3069	471	2125	1104	184	78	527	417	814	3244	2998	881	470	4127	540	63	768	2694	680	9783	5838	1648	965	2478	293	254	1361	180	4067	846	730	2202	2927	664	714	296	2311	38	460	383	270	277	1113	946	256	246	17721	90	27335	656	283	344	1063	5885	2237	518	1082	1901	812	6198	222	5161	328	2115	952	3097	1033
Nitrospira (203693)	175	364	131	255	376	275	448	242	368	378	246	28	260	56	297	242	424	122	131	422	208	307	47	253	89	190	358	136	248	170	152	210	353	211	86	303	208	179	354	249	144	79	925	242	572	225	233	228	139	528	150	830	454	402	296	241	232	165	87	253	47	346	327	167	314	129	200	106	85	552	84	410	59	138	192	195	138	89	425	158	262	349	714	103	532	652	753	169	281	299
Acidobacteriia	646	1253	626	998	1867	382	972	1812	999	2482	1307	201	776	620	997	870	447	549	541	1143	1022	1807	222	991	486	542	1836	622	597	523	787	402	655	1216	404	1287	1351	913	1079	930	332	293	3336	677	3139	1230	1476	568	996	1468	213	2575	1736	1846	1497	554	1442	213	183	891	343	2177	1519	884	1298	648	1071	393	205	885	438	1503	143	310	1217	863	505	468	3509	672	1276	1943	1564	310	1393	1799	3619	679	865	1017
Holophagae	49	68	26	33	69	11	41	108	46	103	122	8	21	27	73	56	11	47	44	45	117	149	14	52	49	24	201	39	27	38	53	14	45	100	9	139	85	83	42	49	21	10	266	30	221	60	75	35	68	223	8	197	90	105	96	21	131	15	13	37	13	90	84	65	115	43	73	15	13	39	26	110	5	13	200	69	28	18	123	56	72	138	91	20	111	57	159	46	34	87
Blastocatellia	47	53	57	92	101	9	66	80	75	144	40	21	29	27	30	45	25	48	28	82	57	92	19	71	37	81	55	59	40	22	40	22	28	72	20	38	38	67	25	52	15	18	241	35	176	70	68	25	55	88	8	237	106	128	66	32	96	33	6	47	19	137	65	46	64	42	83	24	21	26	12	72	14	18	58	41	35	59	167	15	94	119	97	22	76	95	186	40	62	45
Thermoanaerobaculia	1	2	3	0	19	0	10	11	3	17	5	1	7	7	5	8	0	4	2	12	8	7	0	5	2	2	8	3	1	1	5	0	2	3	0	3	4	3	7	3	5	3	7	0	13	4	9	1	8	6	0	50	13	15	5	2	4	0	0	11	1	10	8	6	7	3	3	0	1	2	1	25	0	2	7	4	1	3	22	4	8	17	4	0	9	2	22	16	6	9
Vicinamibacteria	4	13	5	7	34	3	8	38	16	22	12	1	1	0	11	11	8	4	4	26	24	60	4	13	6	6	25	14	9	27	20	1	2	23	6	16	20	19	6	12	2	0	44	9	71	18	30	8	9	19	2	28	11	17	17	3	15	1	2	11	3	22	15	14	22	10	21	0	0	8	7	15	0	1	37	15	4	11	82	24	37	32	10	15	29	18	46	10	3	9
Dictyoglomia	4	4	1	2	13	6	10	0	1	2	0	0	0	0	1	2	22	5	1	16	6	3	0	1	5	7	5	0	0	2	2	11	22	2	0	33	7	2	0	5	0	1	12	23	2	1	0	0	2	4	0	7	2	0	7	1	0	8	0	1	0	0	0	1	1	0	1	2	0	20	0	19	4	0	0	2	1	2	0	1	11	2	16	9	52	1	8	1	17	6
Endomicrobia	9	10	13	9	3	2	29	4	15	16	5	7	6	2	3	5	7	7	2	11	8	9	1	3	2	5	7	13	1	4	5	0	8	9	4	52	18	10	4	6	6	0	18	33	3	11	10	0	20	0	37	26	4	8	29	9	4	3	0	13	38	8	25	4	8	7	9	1	2	6	0	33	0	0	2	22	3	1	5	4	11	10	62	3	15	6	15	5	13	6
Elusimicrobia (641853)	226	107	59	169	99	47	111345	33	21929	188	9727	24	49	40	1573	420	124	41724	43	69	469	94	8	7294	27	101	193	2923	8	10630	47	40	1094	126	16	65	62	85	24	1024	95	35	1327	95	233	67	1613	14	1774	114	50	8611	135	13480	151	57	45	68	27	2388	423	39	111	54	108	495	135	253	29	72	9	3434	40	20	50	283	5164	44	1462	21	202	141	22978	28	242	98	360	52	134	83
Aquificae (187857)	48	68	24	100	80	23	185	81	61	222	32	11	48	1	50	52	108	75	12	158	126	88	10	37	19	95	65	21	6	112	30	77	76	37	47	89	78	22	152	60	45	17	258	129	50	57	38	16	29	34	14	120	60	34	190	33	35	24	13	58	5	30	59	40	66	18	58	14	14	83	5	89	11	9	53	58	42	24	64	38	88	94	226	40	181	138	121	50	112	45
Thermotogae (188708)	178	212	91	223	283	84	676	107	214	480	131	28	181	30	105	87	110	139	65	146	448	216	45	131	91	322	246	54	38	85	96	163	270	99	63	139	239	114	48	131	136	81	520	254	479	234	128	61	87	203	29	631	182	185	468	66	113	229	43	254	24	115	134	144	138	112	163	77	92	201	30	317	67	30	87	211	97	119	173	113	425	158	1008	51	1126	122	582	119	442	228
Deferribacteres (68337)	249	90	41	103	164	50	241	110	452	127	55	29	77	8	126	32	65	100	25	102	112	2759	14	59	38	123	140	44	31	128	32	85	122	76	8	122	143	76	9	68	66	33	377	141	126	87	69	11	164	55	7	290	105	63	105	21	158	23	96	161	16	73	46	44	61	48	71	35	21	28	8	118	13	20	66	73	145	48	82	32	128	65	255	39	182	35	240	46	175	90
Chrysiogenetes (118001)	83	21	21	8	18	12	4	25	5	18	9	23	3	2	11	20	7	3	8	58	13	21	8	30	2	5	21	7	2	110	2	23	4	6	3	55	16	23	2	8	10	0	16	93	33	6	25	8	17	15	16	21	33	39	15	62	13	1	24	3	4	48	13	17	16	22	15	0	0	6	2	26	12	4	13	13	37	11	35	6	51	17	13	0	15	140	42	9	10	19
Thermodesulfobacteria (67799)	21	16	4	23	20	33	109	16	10	32	9	3	49	0	7	4	31	14	9	108	32	26	8	11	6	30	46	6	2	29	4	6	13	11	16	93	21	11	9	17	42	7	74	39	31	10	25	3	8	19	7	53	10	16	35	16	8	19	7	22	8	33	26	18	9	12	21	5	6	3	0	11	10	1	20	16	9	32	51	15	16	50	68	14	82	37	32	17	43	17
Spirochaetia	2233	89572	15542	4442	4762	11858	1234581	2530	2769	405860	57733	58916	14104	851	2977	31306	2227	2095	7714	3797	385003	2935	52572	104007	6842	70122	570589	12696	914	1738	29147	3071	154736	267707	1654	3324	259330	283166	961	3667	2379	61587	789160	240625	4517	12736	3322	6004	23844	2413	1216	434870	2880	16642	218592	44238	23320	2353	537	515307	18944	47612	78829	16068	18315	7110	2227	188956	8859	2036	863	199653	77001	729	1364	20707	134805	119130	25763	1562	114186	4196	193122	37310	5822	1756	14610	1495	5230	3266
Synergistia	179	357	160	140	510	91	260	470	210	690	412	27	91	176	989	218	72	219	276	288	288	620	42	183	142	171	425	159	147	45	152	95	181	263	107	315	345	155	76	314	71	41	569	141	1034	342	368	114	328	723	43	1590	9314	576	476	68	990	89	54	138	84	497	463	146	255	326	349	85	54	186	100	459	31	57	973	298	95	146	829	168	492	461	767	253	514	353	1080	146	242	396
Calditrichae	7	5	13	1	17	8	15	6	6	21	11	6	1	1	6	14	2	3	3	18	15	14	4	9	6	5	17	5	4	8	5	6	9	13	8	5	11	8	9	26	72	17	18	7	24	14	30	3	3	13	1	27	14	31	16	16	6	1	6	43	4	7	26	9	14	18	7	33	4	11	5	12	3	2	10	10	2	1	15	1	8	54	37	9	15	3	32	7	17	8
Coprothermobacteria	0	1	0	1	0	6	0	0	0	2	0	0	4	0	3	0	0	0	1	1	5	1	10	0	2	0	1	0	0	0	0	1	0	0	0	2	3	0	0	1	2	0	3	6	1	0	3	0	0	3	0	6	0	0	1	0	0	0	0	2	0	0	1	0	0	1	0	0	0	1	2	0	0	0	0	3	0	0	1	0	1	1	3	0	3	0	3	0	0	1
Spartobacteria	41	93	78	110	82	55	156	163	132	192	177	7	99	91	117	121	38	54	36	176	87	171	26	100	66	57	217	60	42	32	60	7	66	116	64	230	129	160	106	100	30	29	237	55	581	73	94	37	92	107	21	250	185	116	218	77	112	35	12	155	38	224	109	94	262	70	88	33	35	60	49	187	18	30	96	48	24	41	277	62	109	191	145	30	99	259	320	46	100	81
Verrucomicrobiae	1569	777	430	989	1340	258	884	1169	752	1532	805	111	871	512	1340	724	431	588	484	1119	1022	2038	264	849	234	1576	1026	686	480	499	425	236	474	652	330	8214	692	979	563	702	239	265	3316	814	2509	831	4261	23895	674	1554	710	2876	298416	1128	2109	414	9215	245	162	811	222	1619	1064	824	1089	930	793	285	185	565	506	7218	109	199	70529	960	351	336	1759	441	1055	2012	2760	283	1045015	1320	2410	577	746	587
Opitutae	366	414	9753	374	1934	185	27060	626	2535	811	1399	89	320	135	516	427	4442	195	600	15554	469	499	1357	2324	102	196	625	6292	151	567	563	1181	632	315	401	612	670	28971	1805	423	112	599	2123	2012	1101	265	4069	189	383	583	84	2045	524	526	1084	218	282	48594	81	931	219	2144	2911	1068	3541	3163	395	125	74	290	133	11969	76	175	332	284	1132	207	1119	304	437	1929	4623	5029	440	41219	4693	10806	2690	449
Methylacidiphilae	6	8	10	0	23	18	28	11	20	21	6	2	15	5	14	9	15	20	5	93	17	22	0	12	3	12	29	12	3	7	3	7	4	51	6	16	27	41	18	14	17	2	29	16	17	6	11	0	10	36	7	50	8	30	22	150	13	9	3	15	1	14	20	10	13	14	9	1	1	4	2	66	4	4	12	19	14	8	19	10	18	45	45	3	40	6	32	27	23	17
Kiritimatiellae	0	5	1	0	2	0	10	3	1	5	0	0	0	1	1	9	1	0	0	0	3	5	3	16	5	1	2	1	0	0	2	0	2	5	0	3	8	27	1	3	0	0	211	5	13	7	7	1	5	1	2	11	9	1	3	0	6	0	0	4	3	4	4	10	5	0	2	40	1	0	3	6	0	0	8	3	0	1	20	1	6	10	60	5	6	3	10	0	3	5
Planctomycetia	342	637	339	450	691	214	776	853	549	1132	495	114	570	173	468	602	339	492	248	902	595	761	190	596	245	378	798	270	215	181	379	306	442	565	264	764	488	679	371	480	247	361	2972	475	1403	559	539	248	605	712	234	1500	788	777	799	352	700	299	123	507	200	2029	658	604	986	413	410	216	252	292	218	1217	106	243	653	385	285	252	1459	271	546	871	1117	182	554	920	1779	382	736	398
Phycisphaerae	276	406	175	401	609	177	327	488	316	740	354	45	227	78	320	261	134	309	158	267	333	455	76	280	107	262	424	302	90	254	164	93	160	306	125	430	291	288	266	231	144	89	1514	302	1090	339	341	121	395	529	84	922	507	436	630	193	320	74	89	245	120	901	338	285	379	241	364	95	52	126	497	484	40	131	392	237	219	195	944	184	410	503	585	96	357	528	1498	265	345	277
Candidatus Brocadiae	6	38	9	12	9	19	17	6	5	8	6	2	21	2	10	5	22	5	3	63	23	21	1	8	0	14	11	1	5	3	7	5	21	11	4	8	6	5	1	12	36	7	84	25	13	18	22	3	7	23	1	40	7	19	17	20	5	23	2	27	3	28	22	5	3	3	8	22	1	14	0	23	6	22	3	30	5	1	3	2	10	14	34	6	24	25	49	4	3	19
Chlamydiia	1655	808	142	6081	1023	7959	2581	107	328	698	251	420	1376	28	264	410	1759	1237	168	3885	584	189	127	718	295	286	1018	451	46	689	142	12733	264	218	336	1065	6541	109	1498	481	602	7711	2901	6441	149	533	472	46	154	316	46	610	81	274	2894	158	254	3123	58	2499	182	580	939	156	260	843	1252	404	270	644	110	482	209	67	489	363	1008	40	230	175	458	424	766	1370	408	1368	496	2666	464	1133
Lentisphaeria	350	820	6000	352	4713	102	2565	2206	42408	12600	5476	185	5418	160	4018	2715	1027	5422	690	21737	2586	985	1780	31193	289	1419	1079	7449	626	20691	1102	253	859	1347	8130	19125	557	13728	5551	605	92	260	3264	2779	23593	7966	71472	2576	922	4277	80	432724	1513	2165	1564	456	748	7157	49	4373	4802	3257	21270	15475	3943	10345	336	455	78	119	1625	34297	46	196	2249	785	3331	698	1577	1574	3855	1815	256839	3393	712	31464	17810	57071	15603	2311
Fibrobacteria	771	696	309	1528	839	241	1149	424	627	807	251	120	507	130	952	443	573	696	245	953	686	643	175	537	211	438	1001	200	195	292	260	259	532	629	235	646	636	556	407	514	484	162	2128	812	890	574	688	218	429	661	168	1431	542	649	1055	335	361	165	92	661	154	763	659	432	754	446	534	368	114	283	133	790	157	216	348	399	294	208	830	207	843	669	1213	191	734	576	1398	338	557	538
Gemmatimonadetes (219685)	49	141	69	138	168	19	48	217	101	242	169	19	75	36	134	206	50	31	61	166	82	216	51	121	60	62	177	90	44	36	110	15	66	132	30	91	108	148	104	128	36	40	802	76	567	182	186	147	126	238	29	280	115	156	121	60	137	31	29	151	77	575	194	100	233	92	152	43	22	48	75	143	16	79	155	119	54	57	295	69	154	214	271	53	239	108	425	68	73	115
Bacilli	316249	160416	14050	73259	131308	74402	81386	82549	79765	1506997	63781	11196	42319	18582	321788	79153	28163	57699	35355	76519	328655	282922	9315	35465	45598	684403	188552	18423	123606	44454	86350	48307	60476	173777	82282	53975	159487	19324	9602	104757	104574	49592	137670	87716	198033	93409	61470	10399	49274	64415	14455	161177	488246	396510	147280	29485	58344	17353	102528	179261	16236	88040	26587	39409	30157	43646	84714	11027	14062	130376	20957	46772	66347	14773	116954	56962	12863	105345	79963	122114	260397	129675	149091	12024	1291157	17340	394120	16993	124500	78519
Clostridia	5785409	3500014	856219	1094022	5153909	1041091	1617141	3778523	1921161	8465306	3802950	212401	826239	1217568	6586378	2428461	1007154	3138582	1783319	2325116	5114518	6498654	368301	1652271	2330000	1805909	7240521	694031	991138	1126457	2352284	2280234	1544825	6510143	571047	3366770	6848717	975211	375376	6312079	1942431	568299	2539969	1135689	9519246	3519737	1826640	638703	1792783	8003578	918141	8211955	2776855	4535250	14838239	599420	1579337	784621	2569555	1962322	539414	2553589	1148539	810465	960323	1807069	4628645	527694	643780	8268529	1095828	698973	557532	382088	3634976	5749751	650690	1150844	3259203	1999752	6176230	4489896	2796032	999856	4134599	1095930	6113095	2010542	3689962	7610305
Erysipelotrichia	426816	106668	3976	10535	438566	26546	17954	46466	26855	332996	117471	3853	47213	13399	355777	23919	11980	23920	44416	14162	362339	168838	4712	20416	104140	96918	214238	1712	31136	9841	318392	27885	22579	214672	8712	17826	197369	14027	2046	137949	57205	8278	23771	29942	110344	536577	25100	8041	26913	250336	5336	164602	27309	94338	786386	7933	34730	4211	92992	34711	4755	25474	6706	12998	17201	59622	229969	4031	18126	1154721	10548	81919	6199	4394	43397	456629	12685	30538	20695	105307	138108	346737	227616	5453	172753	4437	461676	16643	102561	162942
Negativicutes	190223	143462	21882	17647	237086	59791	23346	246343	37349	309287	204566	4070	17113	5338	296295	262164	17151	36464	82199	121117	346439	151518	13129	31279	94001	128435	642375	23399	20132	67124	88525	35979	43565	324891	32572	40196	526755	14176	10844	105765	29908	8974	224919	106890	53458	236855	71950	57549	93184	545290	7235	91244	73757	209710	1445934	21115	69893	19751	13531	35526	62710	133976	38498	12839	14003	54757	310630	9045	10604	831278	3871	14227	6804	9690	6581	288776	14022	25954	203844	84757	242343	287558	51602	21106	231244	36259	211118	36773	30726	255136
Limnochordia	19	29	9	5	38	3	6	37	9	37	38	1	7	17	43	25	1	15	9	8	7	36	2	17	9	7	34	3	21	5	6	8	3	31	33	29	32	3	2	28	9	4	27	27	64	22	16	12	13	36	8	37	40	39	70	7	28	6	25	5	7	56	13	3	22	6	40	2	4	19	4	28	1	3	35	48	8	9	44	34	46	50	11	6	23	15	77	16	13	27
Tissierellia	1332	1080	239	481	1636	357	1995	503	634	2027	780	93	346	136	744	414	324	529	391	1093	2483	1105	141	464	389	2092	879	187	580	360	713	530	1300	784	347	551	899	430	96	747	537	176	2287	1038	1416	1153	422	170	375	1157	153	3155	1056	1209	2136	236	3450	199	314	571	62	570	286	360	499	472	834	176	248	1206	230	1662	141	141	398	1008	379	2704	653	532	1859	1143	3321	244	5350	233	3034	390	2032	1023
Deinococci	250	470	112	106	580	72	257	680	276	944	537	38	124	244	344	354	92	268	221	379	381	700	39	396	185	218	683	137	136	111	276	84	115	492	168	327	468	265	191	253	55	80	1436	155	1315	441	268	256	328	629	48	1037	702	760	813	77	800	41	62	204	140	1101	312	252	419	314	527	64	52	164	139	312	29	49	583	371	135	222	1088	227	428	687	471	85	552	489	1216	199	210	486
Chthonomonadetes	20	34	22	42	40	7	23	89	31	42	32	16	18	8	37	20	8	11	15	41	5	103	2	21	21	30	33	9	34	12	43	7	27	23	10	100	45	55	36	36	6	23	124	16	63	39	41	8	29	75	8	125	68	23	21	7	104	4	6	32	15	74	50	30	75	67	25	10	8	17	10	104	4	7	11	40	13	20	41	11	54	99	33	5	33	77	52	8	43	41
Chloroflexia	95	108	44	26	187	32	167	202	132	398	167	21	48	75	144	129	25	95	72	154	157	270	29	74	68	58	200	74	30	26	92	34	65	140	39	103	155	124	106	133	65	19	298	111	524	125	176	73	113	217	25	325	202	288	213	27	186	13	19	82	54	185	129	91	121	124	135	33	18	56	62	146	18	14	158	109	40	65	308	92	152	290	144	71	181	218	406	73	172	144
Thermomicrobia	4	10	17	4	24	5	8	30	10	34	24	5	10	3	15	11	9	52	5	24	9	24	4	7	11	8	19	9	6	1	22	4	15	6	2	45	12	23	16	10	2	2	180	16	82	23	17	27	23	20	0	33	18	23	80	3	44	1	6	9	5	14	21	20	51	2	8	5	7	2	8	26	1	4	28	11	12	10	62	11	47	27	21	2	25	97	71	24	8	32
Anaerolineae	504	902	358	337	1177	187	898	1128	505	1900	969	66	266	345	670	558	286	494	370	731	703	1362	104	557	335	362	1076	353	376	529	496	284	391	705	163	529	637	452	461	591	229	137	1635	449	1993	742	721	352	629	982	151	2013	1264	1436	1093	217	1113	250	145	601	172	1125	648	392	755	431	756	181	134	290	288	868	97	114	837	549	256	342	1708	460	967	1426	1156	206	1252	867	2377	372	793	689
Dehalococcoidia	239	400	125	364	497	124	352	468	266	885	377	52	140	106	239	260	52	298	180	311	479	488	49	280	185	205	434	133	132	87	234	82	245	441	120	286	347	215	146	241	230	77	1224	301	828	383	296	196	200	584	142	1087	538	600	638	79	510	73	57	294	71	412	233	193	292	247	355	106	61	254	141	467	69	61	322	308	149	128	799	168	458	602	584	102	515	296	905	175	311	317
Ktedonobacteria	59	59	37	61	77	28	52	62	42	237	50	5	38	18	36	57	40	126	32	84	38	70	8	23	22	152	83	23	26	27	33	17	21	40	50	25	44	22	69	40	23	18	77	38	106	73	71	51	47	65	3	102	85	69	80	27	72	10	14	59	35	169	120	34	32	40	40	22	22	56	21	64	9	13	39	44	21	23	110	24	64	69	62	11	51	57	160	33	31	74
Caldilineae	20	41	13	7	304	5	40	89	33	109	81	9	17	4	47	35	2	31	17	23	41	84	8	36	18	75	65	21	28	7	30	6	11	63	15	62	31	8	25	27	3	2	81	32	111	37	31	17	23	60	8	122	208	117	82	19	116	8	13	32	10	53	73	29	52	65	57	8	19	15	11	42	10	4	35	28	18	20	73	22	76	64	72	12	56	111	144	48	34	140
Ardenticatenia	1	8	2	4	17	3	5	8	9	45	8	3	7	4	9	12	3	4	2	4	12	16	0	18	12	4	13	4	3	1	6	3	4	8	0	9	7	7	8	9	4	2	21	0	19	11	4	7	14	27	5	25	16	60	10	2	8	4	2	28	7	9	30	5	2	13	8	4	1	3	4	14	1	2	7	10	6	3	24	8	5	10	47	1	22	8	16	6	17	8
Thermoflexia	7	8	3	2	6	0	3	17	11	14	8	1	3	4	9	9	1	3	4	17	12	10	0	5	4	2	14	3	4	3	10	2	2	20	3	69	9	1	4	11	0	2	17	6	45	8	7	0	4	9	0	20	29	2	10	5	1	1	3	23	2	10	8	5	1	1	9	1	1	6	1	2	2	3	7	2	3	7	10	3	5	18	23	3	12	79	10	4	4	13
Actinobacteria (1760)	14230	22727	9253	9243	36059	5558	12069	44327	13746	59041	76536	2455	9996	9504	22657	22224	5299	11125	12648	18807	29941	45829	3962	16745	11073	9510	38226	12805	25373	5912	19234	5564	16685	26925	25291	26369	21462	21406	12582	15006	6376	4293	95090	10872	71590	23774	18513	12442	21150	59700	4019	46036	38198	49253	36311	6504	28985	3532	11092	14405	7342	57060	21568	13499	22989	13818	25784	4528	3407	12127	13123	19625	3168	4164	39937	72786	7110	9684	62748	16524	29570	42760	25179	4913	98347	21370	67776	12709	12387	24749
Acidimicrobiia	314	604	352	311	672	274	347	904	350	1294	685	92	304	301	650	646	269	358	312	694	843	1003	103	447	278	227	951	299	189	263	447	167	281	654	281	569	668	411	544	366	403	170	1981	318	2002	537	559	289	482	927	123	1137	848	952	866	182	538	166	118	453	215	1777	623	351	713	292	587	132	111	209	228	719	99	137	827	500	196	270	1683	385	847	944	689	134	815	797	1870	284	378	541
Rubrobacteria	21	48	15	12	98	7	108	69	104	231	49	7	13	38	62	41	9	17	16	37	62	90	5	59	29	19	58	27	17	16	38	18	25	53	1	22	50	37	23	41	6	9	228	37	203	39	41	37	40	84	4	171	112	84	83	29	58	4	3	66	10	103	48	48	29	16	69	13	10	36	33	50	24	4	145	53	15	25	226	45	106	115	41	24	68	49	287	27	18	71
Coriobacteriia	77059	69717	4823	37244	253414	7844	5499	750554	41339	287732	124925	2153	64756	13518	307551	80377	5468	18449	79577	23431	448891	219514	4834	24814	99593	157504	179851	6465	185521	5710	447404	2395	8600	146606	20043	37382	185672	4646	17780	24058	11443	9180	29985	6542	975283	243877	15642	12877	92228	174995	3699	84555	63861	173802	1028462	5387	24229	2229	50803	26423	56731	107111	14605	19997	17506	21599	111684	1916	9438	187055	206593	4153	5587	2853	145305	137502	7909	25881	62553	237246	194038	708259	21347	4433	146118	46548	387255	18593	7057	141013
Nitriliruptoria	23	56	12	4	133	6	12	153	27	147	98	1	10	24	47	52	4	6	38	25	49	68	8	36	22	29	54	10	40	4	70	3	18	66	1	48	53	58	12	29	1	9	205	4	294	25	43	26	58	110	9	58	167	208	97	5	88	3	9	10	19	139	33	23	63	23	72	7	11	17	49	39	3	5	86	56	6	25	210	33	181	108	55	11	269	39	233	28	13	40
Thermoleophilia	57	117	57	93	242	27	30	337	72	262	316	12	42	66	95	123	15	78	89	55	283	225	28	121	104	48	219	100	95	47	93	27	66	200	12	113	167	162	16	71	15	13	816	59	575	115	158	91	132	205	4	340	341	242	191	76	212	30	35	67	37	297	97	77	160	60	105	32	26	48	87	161	11	20	313	123	54	53	388	94	170	369	177	28	171	95	390	49	88	156
Mollicutes	23181	1786	1047	2141	45294	20455	14233	889	7969	21922	5666	551	3863	137	1450	1127	3269	1526	3083	2769	19005	12281	261	2164	4286	22313	5396	258	5518	3034	5228	2375	12968	1144	184	2042	14899	3280	181	3691	1095	643	9889	8298	1039	4511	6975	349	2595	10789	719	153068	4281	5421	81813	452	5467	594	700	6967	165	3050	2771	2120	4385	2317	8475	666	2879	1154	146	7528	1383	1342	371	5295	2552	6231	2243	1122	8910	2833	601631	1823	173445	649	114133	23469	77588	7591
Nitrospinia	22	82	40	36	49	23	53	60	32	46	42	11	10	10	54	88	22	29	35	53	57	61	16	50	22	18	52	33	10	19	25	13	28	23	20	9	47	34	10	36	23	4	227	77	163	70	57	4	20	58	60	160	86	74	48	21	93	23	10	114	7	50	39	36	41	20	43	33	16	49	12	81	0	17	59	55	14	11	54	21	57	55	76	8	45	37	72	21	46	20
Caldisericia	0	0	0	0	0	0	2	0	0	0	0	0	0	0	0	0	0	0	0	0	0	0	0	0	0	1	0	0	0	0	0	0	0	0	0	0	0	0	0	0	1	0	4	1	0	0	0	0	0	0	0	0	0	0	1	0	0	0	0	0	0	0	1	0	3	0	0	0	0	1	0	1	0	0	0	1	0	0	0	0	0	0	1	0	1	0	0	0	0	0
Candidatus Cryosericia	1	7	23	0	5	66	0	41	14	8	9	0	25	5	3	6	6	1	1	2	2	40	0	4	5	3	26	0	0	0	7	1	0	6	2	9	7	0	86	7	5	5	2	2	118	3	9	2	9	3	0	17	3	2	23	0	3	0	7	3	0	8	45	0	2	2	4	1	2	1	5	7	1	0	53	4	1	1	35	3	9	64	4	0	2	9	72	1	2	2
Candidatus Peribacteria	71	15	3	18	19	19	47	27	42	37	35	1	4	3	98	72	18	8	11	17	14	24	9	12	9	16	28	28	3	45	12	13	26	22	0	49	44	53	7	27	7	3	91	7	70	9	40	9	25	18	3	40	19	41	11	19	10	10	10	26	11	22	13	16	16	12	29	4	5	4	5	45	3	12	13	14	28	11	45	6	19	19	46	4	33	36	76	16	14	20
Flavobacteriia	5634	5572	2127	14080	5761	4815	18930	1570	4408	9851	3415	885	9252	334	6443	2564	7779	4308	1897	13789	7695	3700	1806	4314	1869	6237	7043	1429	1725	8094	1550	4610	5804	3248	6123	6802	5188	2613	5297	3358	5769	2269	13629	9611	3411	5956	6924	1917	2580	3411	2014	13995	4598	3117	8120	5731	2504	4354	1332	6443	959	4684	7910	2542	4373	3431	2656	3890	2311	5481	527	8592	1524	2215	1515	3422	3422	1724	4300	1619	5640	3003	17070	1732	10228	6500	9758	3292	9653	3491
Sphingobacteriia	1491	1733	845	5095	1756	1852	4014	739	1570	2238	955	351	3264	239	2007	1031	2421	1985	567	4209	1388	1259	774	1523	532	1308	2509	532	578	2155	459	1615	1753	1070	2211	2644	1515	787	2295	1289	1782	684	6197	3128	1539	1806	1968	582	751	1130	649	3986	1234	984	2318	2798	942	1274	328	2024	330	2168	2903	914	1538	1243	893	1244	847	2223	173	1525	470	952	644	1052	1011	446	1875	526	1314	1339	4290	516	1617	3445	3145	1416	2540	1329
Bacteroidia	5076931	3756458	2099977	24695504	4414760	7178654	8691819	940363	2826812	1300996	556998	1772293	7755171	238479	7189246	2085757	11800875	6881093	857296	19551382	2008791	2183778	3744392	1878103	1333744	1264533	8990082	3759909	2754368	14455331	846336	10558408	4597361	2389747	6275049	8660813	5531448	1257846	6590358	2938880	5069991	2804997	7630312	12422963	2066055	3057502	3520286	305843	1037600	4737717	4124926	5783216	1649625	1760804	9679425	11459050	1027831	5805990	719757	5313140	509013	2910746	7050854	1056330	2452207	4086805	2287972	3853924	3426266	6130462	629782	379528	1532449	3947709	1139642	2769728	2510935	1545068	2454956	1390847	1494918	6373892	3547987	1684649	1905841	13226455	2387643	4158101	9007290	6158912
Cytophagia	1748	2467	1115	5802	1658	1768	5160	1255	1795	3253	1591	460	4506	327	2327	1396	3424	2091	730	7110	1808	2054	889	1980	724	1716	3216	672	1008	2856	749	1765	2252	1620	2333	3268	2181	916	4189	1707	1804	963	5644	3247	2307	2477	2812	820	1415	1881	1154	4205	1296	1642	3322	2581	1277	1362	516	2747	592	2982	3860	1161	2269	1525	1337	1595	889	2092	339	1680	570	1193	1167	1332	1302	561	2998	788	1988	1917	3815	821	2245	4667	4151	1719	3046	1629
Chitinophagia	930	1447	674	2913	880	1266	2403	589	982	1408	682	303	2427	116	1294	845	1882	1040	304	4038	868	875	555	986	308	649	1583	385	237	1553	296	1143	978	722	1427	1605	1086	475	2340	870	1239	462	2670	2071	832	1116	1260	314	691	898	501	1987	715	876	2020	1656	490	1007	229	1337	396	1855	2521	574	1293	849	688	825	456	1176	163	818	330	821	677	735	550	285	1373	347	936	842	1824	349	1095	2087	2532	809	1530	914
Saprospiria	235	203	168	560	161	236	507	145	183	442	183	44	432	33	213	198	219	185	99	601	222	225	86	186	53	98	274	61	456	315	88	116	248	167	160	656	209	120	446	119	175	130	788	445	231	201	267	50	185	363	161	513	199	218	406	314	153	92	70	457	62	178	440	104	270	231	104	126	70	149	56	215	65	166	133	120	155	93	513	49	254	175	402	71	223	682	437	178	384	274
Chlorobia	294	145	65	166	115	39	114	115	135	189	104	24	156	39	94	122	126	284	59	300	101	148	70	135	31	50	144	71	29	170	47	74	131	131	65	338	78	198	294	56	33	31	613	139	227	93	145	63	79	141	46	412	137	187	99	164	100	23	88	178	25	116	199	60	242	65	59	119	108	46	40	271	13	79	46	78	172	48	224	69	139	156	388	44	147	212	253	109	142	71
Ignavibacteria	199	414	110	404	330	90	857	100	454	550	202	44	120	91	166	191	126	178	88	436	403	220	46	251	84	338	394	121	30	290	95	116	249	247	138	308	283	279	140	169	154	124	1060	493	346	293	318	48	142	236	29	843	147	221	352	187	190	180	53	236	32	157	151	164	156	155	158	83	58	198	43	442	62	106	132	180	155	98	227	109	329	264	909	71	685	196	638	178	480	240
Rhodothermia	8	38	38	26	23	16	18	37	30	35	41	3	42	8	39	53	13	25	11	64	35	56	10	6	10	24	45	9	20	17	24	5	26	24	11	17	37	160	52	27	49	5	166	25	190	44	48	16	44	63	7	55	28	26	44	44	14	8	9	31	13	278	64	26	32	24	38	6	1	14	9	53	2	7	35	19	35	9	106	12	22	26	65	3	21	44	80	14	15	42
Balneolia	9	121	30	60	79	20	110	22	42	80	22	9	38	2	12	58	15	13	13	102	104	60	10	144	19	22	24	7	4	15	6	32	349	20	48	24	17	167	32	47	48	14	634	246	150	75	67	3	34	18	26	525	11	50	25	19	4	55	6	93	3	22	37	45	39	21	12	16	27	33	8	270	3	37	6	18	14	10	40	10	121	40	520	4	116	53	99	34	62	28
Gloeobacteria	14	15	10	9	35	6	9	32	16	44	22	0	8	6	22	20	4	15	5	31	26	40	5	20	7	11	40	15	12	2	15	8	9	37	5	11	22	23	18	29	4	9	44	15	88	41	22	11	14	61	21	95	29	41	65	4	16	7	1	23	6	24	24	12	46	10	37	4	4	15	5	18	1	4	21	35	8	5	43	17	51	36	33	4	22	24	88	12	20	30
Candidatus Riflemargulisbacteria	7	10	5	15	12	8	51	29	6	93	6	1	7	0	6	3	17	10	11	32	11	6	7	13	7	14	17	3	2	17	5	11	25	6	21	2	11	2	10	10	4	6	61	16	9	10	12	1	7	6	3	37	13	5	15	12	9	9	2	9	2	8	18	7	7	6	5	4	0	2	1	19	2	3	4	7	6	4	9	6	13	11	41	3	17	5	68	4	32	4
Candidatus Sericytochromatia	82	10	6	451	11	9	32	15	13	20	10	9	7	2	13	15	1	29	8	36	13	22	5	5	18	2	64	4	6	4	5	0	17	8	6	5	7	33	12	6	0	2	51	1	18	7	9	0	9	10	2	11	31	31	56	4	13	3	0	44	6	6	27	11	7	25	34	18	2	0	4	17	24	1	15	8	4	8	34	8	14	26	265	10	31	30	40	7	8	19
Candidatus Babeliae	3	2	0	0	5	1	4	2	2	20	3	2	3	1	0	2	2	3	1	1	8	0	0	0	2	13	19	1	1	0	0	0	4	1	1	2	8	10	1	3	0	1	12	2	2	10	2	0	0	6	0	10	2	1	9	0	0	0	1	1	0	1	0	0	0	2	2	0	0	1	0	7	3	0	1	5	3	0	3	1	5	1	16	0	6	0	7	1	12	1
Thermococci	17	60	40	35	74	21	102	79	49	69	51	17	49	11	50	135	16	19	35	38	81	57	27	53	27	14	128	43	11	16	23	28	76	92	38	29	104	66	10	43	30	27	203	124	313	25	51	11	57	198	4	305	90	38	76	107	81	6	9	50	24	82	76	37	81	28	33	15	29	36	13	212	11	27	34	74	21	10	129	40	66	38	233	29	74	179	900	51	95	57
Archaeoglobi	12	13	7	16	10	0	35	13	9	155	12	4	31	6	10	12	3	89	8	19	17	23	1	6	13	19	42	3	38	15	7	5	13	9	9	12	32	4	113	24	3	0	38	19	158	28	65	18	14	36	1	108	10	18	18	9	25	9	4	14	5	27	12	6	7	17	5	9	5	22	3	8	4	9	13	11	10	2	49	7	8	24	22	7	21	6	53	2	26	19
Methanopyri	0	2	1	2	17	1	0	1	0	2	1	0	0	0	0	2	1	0	0	1	1	6	0	0	0	0	2	2	0	0	0	0	0	0	0	0	2	4	0	1	0	0	1	1	1	1	4	1	3	2	0	7	3	3	0	0	8	0	0	2	0	9	1	1	2	1	1	0	0	2	0	4	0	0	1	0	2	1	2	0	0	1	1	0	0	0	7	0	0	0
Hadesarchaea	3	2	0	0	0	0	0	28	1	2	8	0	1	0	1	26	0	0	0	0	2	2	0	1	0	1	0	0	1	0	3	0	0	0	1	2	2	2	2	4	0	0	1	1	4	12	3	7	0	3	0	1	2	0	1	0	0	0	0	0	0	153	5	4	1	2	1	0	1	1	0	0	0	1	5	2	2	1	2	3	1	0	0	0	1	0	10	1	0	1
Candidatus Methanoliparia	2	5	3	42	3	0	4	0	0	0	0	0	2	0	1	4	0	0	1	12	0	0	11	0	1	0	13	0	0	0	0	0	4	1	13	1	1	0	0	31	0	7	0	0	0	0	2	0	0	1	0	16	0	0	10	1	2	13	0	0	0	2	5	0	3	0	6	0	1	11	0	1	1	27	1	0	0	0	0	0	0	0	1	0	0	6	1	22	0	2
Methanobacteria	5417	343	74	608	735	300	1818	4567	611	13711	37849	81	255	2010	4142	898	226	147	30831	322	97326	9683	128	222	591	1245	8509	46	15643	406	19526	167	404	27691	157	693	4773	274	92	524	426	159	1231	619	8217	553	335	16262	7934	2277	18	28500	86787	14313	752	193	105279	147	83	378	1361	7779	194	547	328	5303	7040	394	85	399	9	1206	148	87	341	15281	335	22550	6320	130	1041	202	4776	799	52628	113	69749	288	881	579
Methanococci	48	34	8	41	45	7	142	8	26	36	13	11	18	0	11	23	54	14	5	33	66	22	0	46	32	49	69	20	2	6	15	10	62	20	28	8	27	14	0	33	18	17	218	98	7	32	16	4	13	7	0	217	9	24	67	6	9	21	5	38	0	6	14	18	11	15	16	14	12	19	1	93	6	6	3	33	17	19	10	7	53	12	261	14	182	1	56	4	92	27
Thermoplasmata	116	210	101228	143	248	70	102326	322	15407	426	489	23	70461	100	170	4316	39	142	2031	91046	509	301	14484	108	97	208	731	74	83	571	102	630	95	318	2322	241	1127	137	30175	1487	21	27	2613	116	751	206	205	50	246	1162	51	143744	347	1089	280	10421	1063	74	32	89587	2402	4071	54772	4418	40188	1773	312	64	36	94	62	4362	12	30	214	205	3089	203	1250	108	297	308	21753	3932	391	161	971	106	206	199
Candidatus Poseidoniia	71	223	71	266	102	50	215	158	83	193	80	15	74	16	105	80	75	106	82	106	222	171	16	72	81	119	237	67	15	116	54	44	104	152	79	76	84	77	128	130	29	49	568	136	404	116	133	56	75	120	44	392	112	113	141	83	55	58	13	168	18	117	89	66	128	70	100	66	16	112	33	213	28	21	69	109	74	42	248	49	58	135	421	51	232	108	258	56	215	81
Halobacteria	350	797	489	498	782	183	406	1579	469	1258	827	117	444	369	801	675	180	310	329	548	807	1222	143	575	288	211	1045	402	802	214	569	123	350	772	168	874	601	844	459	565	150	185	4790	360	2664	860	749	350	885	1179	160	1470	1232	956	824	241	843	106	126	478	253	2112	882	538	1171	427	672	211	153	401	677	823	82	156	1289	616	284	294	2447	411	745	1524	836	200	672	816	2220	379	431	580
Methanomicrobia	242	534	1082	324	796	184	1635	613	2462	2170	492	254	943	166	505	387	219	754	730	1075	551	660	194	4293	195	438	620	417	377	641	276	375	1015	429	173	689	389	408	931	549	165	373	1675	579	1167	753	652	146	501	503	210	21277	664	541	3131	270	1205	269	96	795	251	1069	1218	3167	10119	1996	548	158	347	268	171	1862	89	115	404	410	521	251	1064	268	521	640	24601	492	703	669	7064	2182	1359	513
Candidatus Methanofastidiosa	0	0	0	2	0	0	0	0	0	5	1	0	0	1	2	0	3	0	0	0	11	1	0	0	1	9	2	0	0	0	3	1	0	1	0	3	7	0	0	0	1	0	4	1	2	6	0	0	0	3	0	2	3	2	0	0	0	1	0	0	0	1	0	0	0	0	0	0	0	0	0	3	0	0	1	2	2	0	1	1	3	0	2	0	0	0	8	0	2	7
Nanohaloarchaea	0	1	0	0	2	0	0	1	0	0	0	0	2	0	1	1	2	2	0	0	1	1	0	0	0	0	5	1	0	0	1	0	0	6	0	1	0	0	1	0	0	1	0	0	0	0	0	0	1	0	0	3	1	2	1	0	2	0	0	0	0	1	0	0	0	0	2	0	0	0	0	1	0	1	2	1	1	2	0	0	0	0	0	0	1	1	7	0	4	0
Thermoprotei	26	69	39	34	91	29	111	93	55	61	45	12	56	13	41	36	34	33	56	107	527	92	15	74	49	212	100	11	13	65	45	49	54	49	25	13	44	68	64	66	28	19	304	80	91	102	56	13	43	68	0	243	75	56	145	43	48	21	4	24	11	80	72	17	66	57	57	39	22	53	13	55	14	4	80	66	53	40	137	28	106	98	197	11	238	88	198	42	82	55
Nitrososphaeria	17	39	4	92	22	12	25	11	4	11	9	4	11	0	26	10	9	9	5	10	29	23	4	18	2	25	51	3	2	7	1	5	10	129	8	27	11	16	18	12	17	22	65	17	19	13	16	1	11	41	1	36	9	3	16	10	6	1	1	25	2	11	22	13	58	7	7	5	19	80	0	24	4	11	4	12	10	6	10	6	20	12	90	5	42	11	75	9	32	26
Candidatus Methanomethylia	0	0	1	1	5	0	0	6	2	12	2	0	0	0	8	2	0	0	1	0	0	5	0	1	0	0	1	5	0	0	2	0	0	1	0	1	1	0	0	1	0	0	1	1	1	0	6	0	5	2	0	6	1	1	0	1	0	0	1	1	0	4	8	0	2	1	0	0	0	0	0	0	1	0	0	3	1	2	9	0	2	1	3	0	4	1	8	1	1	1
