SRR13378614	SRR13378610	SRR13378559	SRR13378572	SRR13378597	SRR13378569	SRR13378573	SRR13378607	SRR13378577	SRR13378635	SRR13378632	SRR13378554	SRR13378574	SRR13378624	SRR13378623	SRR13378596	SRR13378583	SRR13378578	SRR13378618	SRR13378592	SRR13378626	SRR13378599	SRR13378591	SRR13378588	SRR13378631	SRR13378604	SRR13378620	SRR13378551	SRR13378546	SRR13378593	SRR13378590	SRR13378564	SRR13378613	SRR13378634	SRR13378556	SRR13378550	SRR13378598	SRR13378560	SRR13378584	SRR13378605	SRR13378547	SRR13378585	SRR13378575	SRR13378581	SRR13378562	SRR13378633	SRR13378587	SRR13378608	SRR13378611	SRR13378616	SRR13378565	SRR13378595	SRR13378579	SRR13378625	SRR13378609	SRR13378586	SRR13378621	SRR13378567	SRR13378622	SRR13378558	SRR13378606	SRR13378603	SRR13378576	SRR13378594	SRR13378582	SRR13378548	SRR13378627	SRR13378561	SRR13378549	SRR13378619	SRR13378568	SRR13378571	SRR13378555	SRR13378570	SRR13378612	SRR13378617	SRR13378589	SRR13378557	SRR13378600	SRR13378630	SRR13378602	SRR13378629	SRR13378566	SRR13378552	SRR13378601	SRR13378553	SRR13378628	SRR13378580	SRR13378563	SRR13378615
Negarnaviricota	0	0	0	0	3	1	0	1	1	0	0	0	1	1	2	0	0	1	1	2	2	5	1	0	0	5	0	1	0	1	3	0	0	3	2	2	0	7	0	0	0	1	5	2	0	2	3	0	0	1	0	4	0	4	1	0	0	0	0	0	0	0	1	0	0	1	0	13	1	2	0	0	0	0	0	6	0	0	0	0	2	1	9	0	6	1	3	0	0	2
Chytridiomycota	668	345	87	1227	969	187	1521	209	306	942	284	54	161	68	261	93	401	359	134	455	2067	316	121	236	146	1816	374	119	346	461	247	285	392	196	303	400	290	300	71	218	282	108	639	686	298	255	337	46	115	584	67	1306	267	245	1128	153	168	232	88	375	39	229	213	134	165	312	271	146	165	353	60	449	140	57	136	211	261	374	301	126	731	227	2727	156	2141	194	1049	157	1801	560
Microsporidia	700	142	39	835	696	173	1270	201	227	833	160	21	135	35	200	58	252	300	68	354	1406	189	51	97	135	1245	265	17	88	456	126	151	260	116	183	114	200	186	69	234	314	48	307	538	168	160	74	22	37	194	25	1112	126	126	622	86	226	160	61	176	12	86	93	53	54	302	148	96	88	247	13	350	83	30	72	266	246	209	141	64	394	74	1793	83	1586	99	767	67	1186	535
Blastocladiomycota	23	41	19	7	24	11	121	42	21	51	31	8	5	13	29	31	22	4	8	25	21	41	31	44	15	15	29	35	3	11	5	14	52	35	3	41	13	26	34	17	11	13	142	17	50	19	35	8	29	33	2	40	43	27	34	22	26	3	6	20	4	48	32	24	64	11	22	9	5	20	7	22	9	4	49	16	7	6	120	15	20	44	43	9	19	28	61	21	49	22
Cryptomycota	12	16	4	39	15	5	77	2	2	10	3	1	3	0	3	3	12	10	1	15	24	5	7	33	5	26	7	3	0	6	2	19	14	20	5	130	5	5	2	8	19	9	29	21	1	6	4	1	2	0	10	74	5	2	21	6	41	4	1	8	0	1	1	8	25	3	3	4	7	15	0	10	2	3	3	10	5	3	3	2	105	1	80	15	16	3	23	4	69	11
Mucoromycota	12427	2501	1796	18763	14212	4928	28309	1995	2855	15151	2104	574	3511	1223	3592	1635	7728	7039	2882	10208	25750	2127	1069	1482	1438	25538	3707	508	4490	9044	1968	5476	5087	1968	4946	2909	3881	2257	1348	1834	7816	1212	9014	14578	4982	2915	2615	733	985	4338	1068	25066	2468	4218	17568	2131	1641	5247	1114	6692	428	2898	2521	1004	2586	4716	1980	2393	1405	5593	872	4780	1475	983	1795	2771	3936	2449	2629	1857	10659	1956	38976	1329	29188	1590	12836	1399	22420	9273
Zoopagomycota	995	675	152	1639	1339	313	2898	269	394	1345	397	101	349	132	649	171	607	544	199	1052	2658	426	130	204	333	2666	762	136	305	1118	319	509	656	438	402	372	586	397	268	483	671	217	1252	1459	614	563	361	96	213	495	83	2421	333	358	1428	191	312	371	162	567	56	334	265	380	308	541	411	358	230	708	70	828	195	179	208	497	693	385	461	229	1174	361	3616	219	3075	261	1973	237	2208	779
Ascomycota	32416	28340	11671	63397	47527	15886	73721	28612	20812	59247	19532	4228	21530	7194	27801	16279	42728	23412	12888	43458	73299	31477	7886	16375	11882	70717	36193	12842	16814	30486	15281	18109	26781	21036	20776	28606	24597	17900	22572	21755	18329	8668	81028	45697	51995	28653	27180	10508	16562	28678	6790	76357	25779	24833	51924	21715	19841	16117	6379	26790	6013	38568	25016	13344	25180	18962	20780	12101	8279	25172	7936	30889	8061	8348	24370	20021	17278	13285	43202	12020	37441	36464	105567	9879	78378	31690	85227	15426	64551	29234
Basidiomycota	7071	8676	3314	13037	10002	3881	15495	5494	4801	10605	4431	1067	4670	1605	7584	3578	5298	4714	2306	8909	13350	7323	1808	3696	2910	11622	9051	2763	3612	6057	3037	4599	5525	5394	4203	7394	5051	4130	5969	6041	4133	2004	21153	10736	12053	7078	6094	1878	4505	6369	1866	15202	6024	5557	10736	3442	4341	3038	1253	6340	1437	13413	6232	2738	6364	4738	5012	2664	2104	6444	1782	6132	1949	1922	4504	5068	3626	2814	10813	2865	8250	6270	22362	2034	15289	8012	18279	3691	12643	6187
Proteobacteria	296846	170073	105057	408720	218963	176024	311490	215431	257885	181694	232090	73697	196549	61409	562651	152739	341167	1394818	56173	436263	142071	137531	113893	303316	175020	68641	259948	139569	44791	288760	145623	743388	138107	283698	166712	209833	329188	158999	190661	144535	328067	177919	826445	724864	217707	122715	422679	395273	187443	999094	114159	413145	209466	856471	298638	184322	152914	828682	53050	654531	29899	267006	464773	63765	106508	1384589	120406	75155	180974	210469	33499	354572	56074	197089	583630	94251	113689	154025	588405	234186	266376	295926	1353584	241801	220092	295215	524340	512585	1421080	191923
Fusobacteria	2520	1108	352	809	1582	1152	12049	329	1781	2873	1656	1314	315	125	3201	369	10430	1375	466	815	2838	6646	185	3069	471	2128	1104	184	78	527	419	814	3245	2998	881	470	4127	540	63	768	2694	680	9784	5838	1648	966	2479	293	255	1361	180	4068	846	731	2204	2927	665	714	296	2311	40	460	384	270	277	1114	946	256	247	17721	90	27341	656	283	345	1064	5885	2237	520	1082	1910	812	6198	222	5165	328	2116	952	3097	1034
Nitrospirae	365	641	239	821	624	432	759	472	509	931	437	71	370	94	552	379	512	329	231	629	463	565	173	393	162	365	800	243	337	278	277	293	543	396	165	504	463	325	523	409	213	144	1573	380	989	454	442	289	242	827	176	1368	766	682	752	328	459	287	131	514	94	769	479	277	471	240	402	189	108	612	153	667	97	166	378	379	248	180	693	282	500	573	1037	178	834	862	1743	323	504	495
Acidobacteria	1403	2705	1381	2230	3429	808	2407	3835	2124	5217	2901	455	1804	1029	2312	2353	1060	1511	1265	2705	2346	4017	533	2191	1118	1244	4130	1431	1223	1015	1688	648	1424	2625	918	2918	2690	2406	2178	1882	781	712	8904	1631	7036	2523	2984	1166	2312	3723	445	6234	4066	3889	3261	1018	3174	573	409	2198	896	5491	3088	1934	3214	1558	2466	890	502	1560	931	3498	347	697	2903	1948	1098	1139	6976	1541	2822	4222	3274	725	2888	3379	7667	1484	1905	2144
Dictyoglomi	4	4	1	2	13	6	10	0	1	2	0	0	0	0	1	2	22	5	1	16	6	3	0	1	5	7	5	0	0	2	2	11	22	2	0	33	7	2	0	5	0	1	12	23	2	1	0	0	2	4	0	7	2	0	7	1	0	8	0	1	0	0	0	1	1	0	1	2	0	20	0	19	4	0	0	2	1	2	0	1	11	2	16	9	52	1	8	1	17	6
Elusimicrobia (74152)	2826	598	225	522	633	155	305202	539	61825	971	21474	100	215	457	30677	5810	560	775275	296	495	6374	946	102	31525	203	460	1893	5708	200	61226	337	211	13033	497	127	413	884	313	308	11671	276	152	4657	488	2659	432	4173	215	9689	680	219	211497	711	29619	925	1818	551	199	112	38977	4043	705	1490	318	647	4293	984	3686	365	267	140	7341	161	98	528	3469	10139	190	4331	267	773	759	61862	262	992	524	1408	273	632	463
Aquificae (200783)	48	68	24	100	80	23	185	81	61	222	32	11	48	1	50	52	108	75	12	158	126	88	10	37	19	95	65	21	6	112	30	77	76	37	47	89	78	22	152	60	45	17	258	129	50	57	38	16	29	34	14	120	60	34	190	33	35	24	13	58	5	30	59	40	66	18	58	14	14	83	5	89	11	9	53	58	42	24	64	38	88	94	226	40	181	138	121	50	112	45
Thermotogae (200918)	181	213	92	224	286	92	683	112	229	486	135	28	228	31	106	88	112	143	67	147	454	220	46	135	92	328	246	54	40	85	96	173	271	100	64	142	239	118	50	133	136	82	567	257	483	237	129	61	89	205	29	641	187	187	476	85	115	229	44	255	24	123	136	146	140	115	169	80	93	202	30	330	69	45	93	213	99	119	178	117	428	160	1050	51	1131	123	586	125	447	235
Deferribacteres (200930)	249	90	41	103	164	50	241	110	452	127	55	29	77	8	126	32	65	100	25	102	112	2759	14	59	38	123	140	44	31	128	32	85	122	76	8	122	143	76	9	68	66	33	377	141	126	87	69	11	164	55	7	290	105	63	105	21	158	23	96	161	16	73	46	44	61	48	71	35	21	28	8	118	13	20	66	73	145	48	82	32	128	65	255	39	182	35	240	46	175	90
Chrysiogenetes (200938)	83	21	21	8	18	12	4	25	5	18	9	23	3	2	11	20	7	3	8	58	13	21	8	30	2	5	21	7	2	110	2	23	4	6	3	55	16	23	2	8	10	0	16	93	33	6	25	8	17	15	16	21	33	39	15	62	13	1	24	3	4	48	13	17	16	22	15	0	0	6	2	26	12	4	13	13	37	11	35	6	51	17	13	0	15	140	42	9	10	19
Thermodesulfobacteria (200940)	21	16	4	23	20	33	109	16	10	32	9	3	49	0	7	4	31	14	9	108	32	26	8	11	6	30	46	6	2	29	4	6	13	11	16	93	21	11	9	17	42	7	74	39	31	10	25	3	8	19	7	53	10	16	35	16	8	19	7	22	8	33	26	18	9	12	21	5	6	3	0	11	10	1	20	16	9	32	51	15	16	50	68	14	82	37	32	17	43	17
Spirochaetes	2305	89755	15641	4523	5044	11893	1234851	2745	2868	406192	57891	58961	14180	915	3117	31432	2278	2203	7779	3947	385217	3137	52598	104196	6891	70375	570931	12758	1036	1804	29234	3130	154896	267883	1692	3444	259488	283268	1087	3779	2424	61616	790138	240993	4921	12869	3478	6058	24004	2598	1244	436115	3275	16859	218815	44278	23519	2395	567	515557	18998	47866	78928	16240	18452	7228	2349	189128	8881	2109	931	200174	77028	763	1476	20860	134907	119210	26157	1659	114534	4442	193438	37348	6183	1896	15057	1588	5460	3418
Synergistetes	181	366	167	140	514	94	265	486	216	710	415	27	92	177	998	219	72	220	278	294	292	622	44	206	142	174	430	162	147	49	158	97	183	268	110	319	348	184	81	317	72	44	578	144	1039	344	369	116	330	729	43	1608	9318	578	481	70	991	89	54	145	84	503	466	161	256	327	350	88	55	190	100	464	31	59	978	301	97	149	873	169	494	463	768	256	517	355	1096	149	245	399
Calditrichaeota	15	66	17	7	32	15	54	29	15	39	23	7	7	1	8	36	9	10	3	23	54	35	7	59	10	28	48	18	4	15	15	17	59	22	10	16	17	22	15	46	79	17	267	118	51	38	52	13	15	24	1	208	19	45	36	19	20	2	10	50	6	32	32	13	21	27	21	45	8	22	7	146	6	9	13	27	8	8	56	10	67	68	183	12	55	11	89	18	38	13
Coprothermobacterota	0	1	0	1	0	6	0	0	0	2	0	0	4	0	3	0	0	0	1	1	5	1	10	0	2	0	1	0	0	0	0	1	0	0	0	2	3	0	0	1	2	0	3	6	1	0	3	0	0	3	0	6	0	0	1	0	0	0	0	2	0	0	1	0	0	1	0	0	0	1	2	0	0	0	0	3	0	0	1	0	1	1	3	0	3	0	3	0	0	1
Candidatus Omnitrophica	238	192	94	186	372	49	812	218	259	451	266	36	122	66	163	243	95	301	140	395	345	355	53	209	94	223	340	133	54	164	131	92	133	161	30	172	333	173	120	159	174	64	691	186	568	285	294	68	220	466	117	1093	354	414	520	109	442	83	46	159	85	420	176	182	241	145	183	119	50	150	47	504	57	46	186	196	104	109	354	120	297	370	895	47	418	212	761	157	249	190
Verrucomicrobia	2434	2234	11097	2052	4766	736	31015	3615	6375	5252	4700	416	2031	1118	2845	2611	5365	1265	1932	18078	2485	3924	2518	8504	1081	2332	3510	8713	1168	1574	1760	1661	2656	2272	1004	10217	2690	50712	3180	1785	678	1466	54544	4775	6455	2101	9796	25755	2766	7132	1041	12086	300878	2964	4793	1375	11003	49463	421	2967	1629	8244	8141	8377	14094	8219	2427	650	463	1279	1090	29731	318	667	72187	2058	3767	967	7399	1304	3032	6292	16170	5683	1046717	44483	11754	12130	5582	2097
Kiritimatiellaeota	2	6	4	1	4	5	26	3	4	8	2	0	1	1	1	9	2	3	1	4	3	11	3	17	6	3	6	1	0	1	3	1	5	29	1	3	9	27	2	4	2	3	212	8	18	8	8	1	5	5	2	21	13	2	3	0	10	3	0	5	3	4	6	16	13	0	4	40	1	0	3	18	3	1	9	6	3	3	20	1	7	10	82	5	8	4	18	0	6	6
Planctomycetes	1060	2026	1106	1891	2360	838	1946	2417	1533	3520	1627	328	1325	492	1573	1583	849	1317	783	1879	1680	2292	473	1630	710	1039	2341	1179	791	912	1060	738	1153	1627	625	1813	1562	1824	1127	1361	649	684	8449	1735	4682	1664	1791	839	1613	2507	482	4613	2480	2236	2625	1130	1988	565	337	1426	621	5257	2042	1542	2436	1084	1584	613	455	841	1030	3220	290	722	1916	1187	883	762	4376	912	1817	2418	3136	503	1984	2352	5624	1145	1804	1437
Chlamydiae	1656	808	144	6083	1026	7959	2581	110	328	708	251	423	1376	28	266	414	1759	1237	168	3888	588	190	127	721	296	288	1019	453	46	690	143	12734	266	219	337	1072	6541	113	1498	482	603	7711	2914	6443	151	535	473	46	154	320	46	696	85	277	2894	158	255	3123	59	2502	182	581	939	158	262	844	1256	405	270	646	110	483	210	67	489	363	1008	41	230	175	462	428	783	1371	411	1370	499	2666	464	1133
Lentisphaerae	515	996	6166	426	6787	134	3228	2493	52582	17840	5941	224	6524	223	5514	2959	1158	5704	903	30971	3526	1310	2316	42187	401	1775	1665	8199	1027	23536	1607	312	1024	1947	10714	25299	742	15200	6558	844	146	316	11865	3211	31260	10884	71843	3401	1217	6319	94	446027	1845	3013	2296	508	1187	7230	91	5042	6395	4630	25578	19370	5632	10885	659	521	101	203	1750	37178	51	213	3070	1033	3731	863	2664	2262	5821	2493	260446	3986	1959	37812	19253	77795	18247	3071
Candidatus Marinimicrobia	58	137	24	107	102	21	165	88	75	138	48	11	78	15	75	83	132	37	55	131	88	101	10	101	30	65	129	52	120	37	34	25	64	148	24	199	58	51	17	58	67	29	359	106	151	104	110	25	50	191	17	306	141	103	133	49	132	40	14	91	35	83	168	61	215	56	72	23	14	85	11	184	22	25	39	62	50	26	108	41	85	116	206	20	128	138	246	74	137	75
Fibrobacteres	787	720	324	1579	868	249	1262	442	646	870	288	130	520	138	963	479	579	715	309	978	712	668	190	585	216	494	1015	205	203	337	270	265	543	664	307	701	660	574	456	530	493	171	2232	835	934	600	712	222	460	708	181	1501	559	701	1108	344	375	169	99	689	188	803	696	457	825	466	561	374	119	291	141	844	166	224	371	407	313	210	902	227	877	691	1271	200	765	600	1597	371	597	548
Candidatus Latescibacteria	120	103	12	35	64	13	92	72	53	143	35	8	55	17	93	70	21	35	41	146	55	72	12	46	29	48	76	92	13	57	21	24	51	68	33	42	54	26	49	40	21	19	148	36	141	92	71	19	51	87	48	165	82	85	84	34	55	23	17	49	17	99	80	64	81	45	59	16	24	129	28	88	7	11	127	60	52	27	85	28	62	132	106	32	83	225	218	44	58	42
Gemmatimonadetes (142182)	334	483	331	394	746	180	312	1043	430	1191	716	95	307	204	606	636	212	297	297	933	523	952	155	462	243	244	804	346	449	179	444	303	334	611	186	963	592	698	498	439	183	196	2621	342	2032	623	662	393	523	840	189	1372	1231	839	685	241	760	157	166	514	225	1442	730	467	1034	362	584	206	128	266	251	928	70	195	643	437	238	242	1616	372	699	1101	791	162	812	1009	1683	387	396	709
Candidatus Hydrogenedentes	12	39	9	5	40	0	51	46	16	93	61	3	17	10	29	31	8	11	3	17	31	42	13	40	11	12	54	17	9	4	16	5	13	32	3	59	29	86	22	18	4	5	422	27	119	28	23	48	25	36	8	100	55	32	67	11	25	96	1	58	18	101	19	56	52	16	39	6	16	3	22	121	1	5	48	19	12	10	65	22	39	66	102	4	29	19	89	31	20	25
Candidatus Cloacimonetes	43	85	35	65	101	40	258	36	95	161	81	13	103	7	61	64	92	55	23	151	142	77	29	57	55	97	153	24	26	26	44	38	59	94	33	63	68	46	56	79	117	52	162	118	79	68	78	26	36	51	34	230	94	98	134	28	45	18	18	131	6	41	179	44	143	50	88	69	33	72	12	122	30	23	34	73	41	29	60	38	203	50	347	48	223	171	176	81	140	56
candidate division Zixibacteria	64	118	48	48	89	16	196	68	89	86	42	6	15	19	59	70	75	45	14	108	44	97	2	63	24	47	83	36	20	34	33	61	54	104	15	65	43	69	19	75	17	11	104	42	75	77	91	8	39	64	28	211	89	113	58	70	148	18	6	20	20	122	68	28	57	37	57	18	8	47	15	93	10	12	45	56	31	23	62	32	62	160	216	29	108	92	171	26	78	62
Candidatus Fermentibacteria	3	4	5	0	13	0	8	16	2	17	4	0	0	1	5	3	1	1	2	3	3	3	0	4	1	3	2	1	18	0	2	0	3	4	0	2	2	2	1	1	0	1	8	3	17	1	3	1	5	4	3	24	10	10	3	2	5	0	0	2	0	3	2	2	19	5	5	0	0	1	2	18	3	1	5	1	4	1	7	1	3	3	2	0	7	1	47	1	4	5
Candidatus Kryptonia	11	22	7	72	16	6	127	9	22	36	13	3	11	2	8	13	11	19	8	29	29	24	1	39	3	15	16	2	1	34	3	3	35	11	54	125	24	12	8	10	12	12	179	41	14	9	9	1	2	20	1	64	17	8	22	21	12	5	6	11	0	5	30	7	12	4	21	3	6	7	0	36	7	12	5	6	36	3	8	10	23	4	108	10	59	4	38	3	30	9
Firmicutes	6895049	4057291	919646	1218621	6400436	1221994	1824844	4416530	2115021	11027547	4364415	238219	975084	1292421	8031965	2879455	1092730	3395049	2052060	2592710	6413206	7328861	404003	1782926	2630783	2896567	8420001	760750	1196367	1269452	2968215	2523807	1700354	7418649	720407	3615784	7869541	1061395	417894	6763859	2179286	644648	3010562	1397840	10302842	4494605	2148962	779604	2128583	9173108	987157	9022744	3707773	5599970	17761015	675439	1831001	839066	2880692	2455421	657733	2968498	1273040	907646	1059571	2150371	5439099	574177	699628	10531704	1168523	965330	646557	420324	4105919	6718923	722709	1387907	3832541	2376048	7182647	5415553	3367655	1057258	6334103	1188800	7678253	2135269	4112060	8368491
Deinococcus-Thermus	250	470	112	106	580	72	257	680	276	944	537	38	124	244	344	354	92	268	221	379	381	700	39	396	185	218	683	137	136	111	276	84	115	492	168	327	468	265	191	253	55	80	1436	155	1315	441	268	256	328	629	48	1037	702	760	813	77	800	41	62	204	140	1101	312	252	419	314	527	64	52	164	139	312	29	49	583	371	135	222	1088	227	428	687	471	85	552	489	1216	199	210	486
Armatimonadetes	211	308	141	128	337	66	277	533	204	601	358	48	98	97	260	209	52	92	180	355	483	500	69	256	93	164	396	169	152	114	260	107	148	272	79	364	356	375	143	232	61	74	1402	163	640	266	339	110	242	480	84	881	543	514	407	94	476	54	52	183	70	623	281	281	373	256	326	67	35	124	107	543	24	56	326	222	140	120	1077	186	415	482	415	81	408	423	844	166	267	219
Chloroflexi	1795	3225	1323	1709	4816	747	2887	4702	2255	7595	3823	401	1465	1281	2694	2524	902	2059	1582	2945	2944	5098	461	2152	1427	1745	4445	1373	1478	1133	2155	835	1495	3338	738	3118	2765	1955	1598	2229	1029	618	7907	1738	8403	2950	2815	1524	2559	4745	643	7835	5550	5597	4879	940	4368	618	537	2304	986	5569	3010	1735	2904	1961	3130	716	495	1426	1174	3246	379	460	3216	2472	1058	1307	7903	1787	4001	5399	3932	792	4430	3396	9055	1738	2581	3149
Actinobacteria (201174)	91808	93475	14672	46951	291092	13740	18196	796767	55787	349112	202887	4747	75198	23515	331271	103611	11112	30102	92777	43220	480339	267115	8977	42364	111202	167449	219620	19812	211354	11984	467442	8217	25785	174806	45750	64641	208300	26885	31140	39681	18314	13700	129119	17916	1050559	268547	35154	25823	114247	236390	7980	132799	103734	224876	1066290	12226	54259	6074	62117	41523	64416	167163	37160	34147	41611	35898	138516	6662	13022	199602	220239	24951	8915	7234	186904	211188	15351	36029	128322	254469	225146	753009	47886	9602	246122	69088	458649	31790	20045	166825
Tenericutes	23264	1832	1134	2165	45436	20553	14442	920	8038	22060	5713	559	3924	141	1492	1147	3331	1675	3104	2814	19178	12352	268	2211	4318	22553	5447	265	5528	3069	5269	2550	13173	1161	193	2142	14933	3368	184	3870	1155	715	10077	8359	1091	4569	7048	356	2617	10833	730	153429	4358	5515	81948	461	5508	610	720	7063	171	3156	2815	2182	4484	2352	8511	685	2905	1279	147	7689	1390	1349	429	5366	2579	6289	2374	1169	9227	3018	602131	1918	174479	668	114672	23505	78628	7671
Candidatus Eremiobacteraeota	54	193	59	85	193	18	121	322	136	317	143	23	87	54	131	132	55	89	92	216	135	232	24	146	48	51	223	71	76	77	130	95	89	224	24	201	139	187	163	131	37	42	649	114	483	109	122	74	156	238	47	365	368	252	200	45	248	36	17	151	66	856	133	124	200	83	185	52	35	62	55	222	14	21	126	119	61	112	358	100	230	218	291	30	201	147	641	98	121	110
Candidatus Dormibacteraeota	65	112	53	13	160	17	37	253	44	219	141	9	46	63	216	133	14	31	62	104	107	187	15	72	53	69	213	44	58	5	62	26	47	142	34	80	155	89	74	95	21	17	376	40	417	113	77	34	100	226	25	228	174	187	133	14	169	5	27	84	41	204	66	78	104	58	108	15	14	50	60	129	11	14	193	115	23	44	347	77	180	205	101	25	135	120	297	55	52	104
Nitrospinae	50	123	58	56	101	36	102	111	61	167	68	18	34	24	110	120	39	55	68	100	105	137	21	94	37	44	105	40	16	22	36	39	89	74	34	34	91	66	24	64	40	9	319	90	246	112	88	21	47	104	89	246	114	109	136	30	114	53	19	134	14	78	69	59	84	30	74	51	27	73	27	153	10	23	75	138	46	25	122	44	104	115	282	31	111	53	215	44	103	60
Candidatus Tectomicrobia	0	8	3	2	13	1	2	25	3	40	27	0	3	4	19	8	1	5	12	3	9	18	0	11	4	5	19	2	7	1	9	4	3	11	1	5	12	5	4	4	2	0	42	4	46	15	6	2	17	40	4	49	21	20	19	1	7	0	0	8	2	11	1	9	6	4	12	0	2	3	7	14	2	0	16	12	4	4	18	12	45	29	6	1	16	9	23	2	9	11
Caldiserica	1	49	1	5	15	3	20	8	8	21	11	6	4	1	11	12	2	1	8	5	28	13	1	45	6	12	19	3	3	6	6	7	24	9	2	12	4	1	0	4	3	0	98	40	4	6	4	3	9	50	0	129	8	43	25	4	54	2	2	21	1	6	2	7	8	2	4	4	0	8	2	50	2	2	35	12	0	9	24	5	65	5	65	1	32	2	32	1	22	16
Candidatus Cryosericota	1	7	23	0	5	66	0	41	14	8	9	0	25	5	3	6	6	1	1	2	2	40	0	4	5	3	26	0	0	0	7	1	0	6	2	9	7	0	86	7	5	5	2	2	118	3	9	2	9	3	0	17	3	2	23	0	3	0	7	3	0	8	45	0	2	2	4	1	2	1	5	7	1	0	53	4	1	1	35	3	9	64	4	0	2	9	72	1	2	2
Candidatus Bipolaricaulota	3	26	10	6	41	3	15	26	15	55	22	2	10	6	14	22	8	7	16	12	27	31	1	13	8	8	17	13	7	0	15	2	8	19	2	24	18	10	12	10	5	6	60	11	40	16	22	8	5	44	14	52	58	60	27	4	40	1	2	15	8	89	20	12	53	13	25	3	4	5	4	39	6	4	22	17	5	14	79	8	24	28	21	8	37	13	87	15	19	47
Candidatus Aminicenantes	67	107	38	93	165	19	88	162	113	279	140	32	36	85	113	99	53	45	52	130	149	151	14	76	56	49	150	44	81	35	74	44	72	130	40	196	99	98	64	98	19	44	389	73	232	157	98	45	73	186	15	413	149	134	136	41	86	15	21	97	26	156	97	84	89	76	114	28	20	90	28	173	9	28	92	120	65	48	274	52	106	156	152	40	187	67	315	50	132	109
Candidatus Atribacteria	52	41	14	21	71	13	68	21	22	35	31	6	6	6	33	3	13	83	8	24	71	30	1	12	20	93	32	9	7	21	25	38	30	18	3	25	23	13	17	39	13	7	92	81	51	27	31	8	10	14	16	82	19	23	63	22	33	13	20	22	2	13	21	9	5	25	31	33	9	13	0	29	18	4	12	27	21	22	22	12	49	23	88	19	136	7	111	24	62	40
Candidatus Saccharibacteria	145	244	142	149	440	132	429	699	199	1616	274	16	97	68	235	137	114	140	131	682	620	415	23	132	111	948	164	85	67	145	245	135	170	276	261	283	90	127	86	123	82	67	450	249	657	677	221	241	294	116	118	905	244	100	500	122	296	62	102	200	70	212	189	138	156	154	129	72	55	161	63	394	43	57	2083	414	115	57	285	199	241	677	797	74	680	114	623	140	268	145
Candidatus Sumerlaeota	2	11	3	1	4	0	6	5	21	11	8	1	4	3	2	3	1	4	5	6	0	22	4	20	1	2	12	5	1	6	1	3	7	6	2	36	6	8	3	7	2	5	76	5	14	3	7	1	9	8	0	40	12	4	19	5	31	0	2	3	1	13	11	18	9	8	6	2	2	9	3	16	0	8	13	1	4	10	8	4	8	6	25	1	11	7	18	6	4	9
Candidatus Poribacteria	91	132	49	72	69	41	65	76	113	142	48	18	43	16	112	54	61	44	31	117	169	156	15	67	25	50	72	34	15	56	44	69	98	75	12	37	57	55	34	78	23	35	202	72	312	59	72	18	48	65	16	178	54	110	120	100	50	42	43	95	17	91	55	41	92	62	106	51	16	71	14	87	16	37	39	125	61	27	118	38	82	94	198	20	152	60	217	60	81	76
candidate division WWE3	25	59	9	19	39	25	88	6	33	58	54	6	17	8	32	12	23	29	32	56	64	60	0	30	13	57	80	21	6	31	19	26	38	32	10	12	36	51	11	55	75	14	91	54	34	49	48	3	19	13	9	124	33	52	99	15	52	12	5	47	5	14	25	16	32	24	45	5	10	13	3	70	18	2	15	44	21	11	22	7	50	51	109	2	114	22	80	21	48	41
candidate division NC10	8	10	1	3	96	3	2	24	9	19	7	0	2	7	5	18	5	14	2	7	2	19	0	4	0	15	10	3	2	4	5	7	7	5	2	3	6	3	0	5	4	2	3	0	13	9	8	1	16	3	1	14	41	12	11	4	7	11	2	9	1	13	6	2	5	5	5	1	1	11	8	3	0	1	6	5	2	2	49	2	34	19	15	8	15	7	12	7	2	16
Candidatus Calescamantes	1	1	0	0	1	0	3	3	1	9	1	0	1	0	0	0	1	0	0	1	5	1	0	0	1	5	0	1	0	0	2	0	4	3	0	0	3	0	1	1	1	0	3	1	0	1	0	0	0	0	0	2	0	3	1	0	1	0	0	2	0	1	0	0	2	1	2	0	0	3	0	1	0	0	0	7	0	2	0	1	0	1	29	0	10	0	10	0	2	1
Candidatus Berkelbacteria	52	20	23	45	38	25	51	19	31	58	12	7	23	13	39	24	17	14	9	93	80	48	7	40	10	30	46	12	5	41	14	11	35	21	7	13	29	48	9	42	69	16	138	119	56	10	26	2	15	20	2	115	20	31	57	29	11	6	6	23	7	24	40	21	37	27	10	31	4	14	5	103	29	10	7	48	29	24	39	33	34	25	170	6	109	15	110	13	39	24
candidate division CPR1	1	2	0	0	0	0	2	2	0	0	0	0	0	0	0	1	0	0	0	0	1	3	0	0	0	0	0	0	0	0	0	0	0	0	0	2	1	0	0	0	0	1	0	0	0	2	1	0	0	2	0	0	0	1	2	0	0	0	0	1	0	0	0	0	0	1	0	0	0	0	0	0	0	0	0	1	0	0	0	0	0	0	0	0	7	0	1	0	0	0
candidate division CPR2	1	5	5	4	4	2	25	4	0	4	0	1	1	0	28	0	21	4	3	1	28	3	3	6	2	2	3	0	2	14	4	2	8	0	1	2	2	5	0	1	1	1	23	7	3	3	4	3	1	6	0	23	3	2	6	1	5	1	1	15	0	2	0	5	6	1	2	10	3	1	0	39	0	1	1	1	5	2	2	2	7	1	30	0	17	1	28	1	9	1
candidate division CPR3	2	11	0	5	4	0	15	1	3	1	0	0	3	0	1	1	2	1	0	1	9	1	2	2	2	11	21	0	0	0	4	0	1	0	1	1	11	3	0	1	2	0	61	18	4	2	6	0	2	0	0	8	2	3	3	0	2	0	0	2	0	0	1	2	2	0	8	0	1	0	0	6	1	1	3	3	1	6	3	0	3	4	7	0	24	0	7	8	7	1
Candidatus Peregrinibacteria	139	74	85	198	95	75	173	59	193	106	124	10	125	7	186	100	84	158	34	164	123	78	25	61	24	139	88	84	37	89	55	45	122	63	18	107	115	104	48	68	99	18	323	95	126	81	121	20	53	77	17	252	86	98	109	54	41	35	28	114	34	120	102	56	67	71	79	37	20	109	11	232	23	28	38	68	67	30	102	37	88	123	380	21	275	84	295	75	134	81
candidate division WOR-3	15	36	13	28	48	8	97	23	43	132	29	3	20	7	43	17	13	18	27	51	77	48	5	30	14	47	40	22	27	44	25	15	30	29	10	27	46	58	8	32	17	4	144	24	47	43	26	15	7	48	73	143	58	47	64	17	52	55	8	75	12	28	12	43	28	26	34	10	9	26	19	93	3	9	15	21	33	14	65	21	43	41	84	18	199	20	104	26	142	31
Candidatus Rokubacteria	144	354	149	54	436	62	228	548	169	600	533	25	106	139	321	332	44	91	201	273	285	543	59	231	158	99	467	260	136	60	203	48	99	364	53	305	382	414	189	200	32	45	1453	66	1125	321	264	150	299	730	53	618	662	579	400	115	436	35	37	163	117	633	292	192	363	215	380	56	38	149	151	411	14	39	566	265	111	116	820	234	357	599	292	63	407	255	1042	142	127	300
Candidatus Dadabacteria	99	41	21	46	36	29	26	53	34	81	12	7	56	4	35	15	40	13	7	202	64	31	18	46	6	23	48	29	1	85	15	17	43	17	7	21	40	60	48	32	15	15	106	64	55	81	36	11	19	39	4	200	44	52	71	25	26	60	32	49	7	33	32	54	46	17	23	12	9	16	3	62	17	18	9	57	68	26	33	15	48	23	194	33	128	21	101	10	87	28
Candidatus Abawacabacteria	0	4	1	1	0	0	0	1	0	0	0	0	0	0	1	0	0	0	0	0	2	0	0	0	0	0	1	0	0	0	0	1	0	0	0	0	1	0	0	0	1	0	0	0	1	0	0	0	1	0	0	0	0	0	1	0	0	0	0	0	1	0	0	0	0	1	0	2	0	0	0	0	0	0	0	0	0	0	0	0	0	0	0	0	1	0	3	0	0	0
Candidatus Coatesbacteria	0	1	1	0	9	0	2	5	1	23	4	0	9	20	6	5	0	0	3	3	3	5	1	6	1	1	6	2	2	1	2	1	5	11	0	2	5	1	3	10	3	4	8	0	12	5	17	5	4	7	0	12	49	6	11	2	7	1	0	2	0	12	4	2	23	1	5	2	0	7	0	12	1	0	2	6	0	1	36	8	8	6	4	0	5	1	23	3	1	7
Candidatus Delongbacteria	8	13	8	4	5	0	3	8	5	16	6	1	4	0	6	2	3	1	7	12	5	2	0	5	1	6	6	1	3	2	4	2	1	3	2	10	5	8	0	0	1	1	62	4	14	12	11	1	1	10	0	19	16	5	17	1	3	2	1	2	0	1	5	10	3	2	9	3	2	2	4	11	0	1	0	3	4	3	10	3	5	1	6	2	14	5	36	1	0	2
Candidatus Doudnabacteria	6	11	10	17	13	9	96	16	43	23	13	2	4	1	10	13	4	46	8	21	10	29	2	13	11	8	17	17	4	19	14	6	16	10	2	7	16	8	4	31	2	3	48	47	193	19	21	6	28	20	1	118	20	42	31	5	84	0	1	15	11	15	7	5	27	6	5	1	2	25	1	20	4	2	8	19	7	2	19	12	25	22	32	6	20	10	51	8	18	27
Candidatus Edwardsbacteria	6	8	0	1	7	0	3	5	3	7	7	0	1	1	3	1	1	2	0	0	12	6	0	0	4	2	6	1	0	1	1	1	5	2	0	2	5	0	0	1	1	1	6	1	8	3	10	7	1	3	0	11	2	5	14	0	4	0	0	10	0	1	4	3	0	1	2	1	0	1	0	6	0	1	2	7	0	0	2	1	14	10	1	0	7	2	11	1	4	7
Candidatus Eisenbacteria	35	64	46	11	64	4	38	77	32	110	86	5	20	24	45	84	5	16	39	38	79	112	10	81	33	28	101	34	32	8	69	6	65	62	5	56	38	121	37	28	10	21	300	20	283	85	45	29	90	126	7	136	214	71	86	11	202	5	19	21	33	171	53	60	38	68	84	37	30	19	48	92	5	26	99	57	26	36	284	70	55	156	107	20	72	48	221	36	39	87
Candidatus Firestonebacteria	9	36	10	48	36	4	52	7	40	27	10	5	0	2	5	13	4	23	3	9	76	11	1	45	4	25	19	3	2	13	9	9	23	3	0	19	16	5	3	14	1	8	322	149	9	13	18	2	4	10	0	259	12	40	28	4	5	12	3	37	1	3	3	11	26	7	5	12	4	1	3	86	13	2	5	8	4	6	9	1	50	14	46	1	21	13	72	7	24	18
Candidatus Fischerbacteria	5	9	0	4	5	3	27	2	7	32	11	0	2	4	37	4	8	5	1	10	15	8	0	4	2	23	13	0	1	7	1	3	11	7	3	6	31	25	1	10	1	1	15	32	177	4	6	0	6	1	3	9	2	6	11	1	0	27	0	6	0	1	2	4	4	5	4	0	8	2	1	7	2	2	3	4	1	4	2	3	49	2	8	1	15	5	10	0	37	11
Candidatus Fraserbacteria	0	0	0	12	0	1	9	2	4	5	0	0	3	0	0	0	4	7	2	13	3	0	1	1	0	4	1	3	0	2	2	1	0	0	4	2	1	0	1	1	0	3	9	1	3	1	3	1	1	1	0	7	1	16	2	1	5	2	0	6	0	0	1	1	1	2	1	0	1	1	0	8	1	0	1	3	1	1	5	0	1	0	8	0	18	1	3	1	7	1
Candidatus Glassbacteria	2	0	2	0	2	0	1	1	0	0	0	1	0	0	0	1	0	0	0	1	2	0	0	0	0	0	1	0	0	0	0	0	0	1	1	1	0	0	1	0	0	0	2	0	1	1	0	0	1	3	0	0	3	1	1	0	0	1	0	1	1	1	0	0	2	0	0	0	0	1	0	3	0	0	1	0	1	0	0	0	0	1	1	0	2	0	1	1	1	0
Candidatus Handelsmanbacteria	4	55	5	1	13	2	4	40	11	32	40	2	24	7	23	16	2	9	14	12	14	34	0	6	10	8	31	8	29	4	17	5	3	22	6	16	16	5	19	9	0	2	16	5	98	18	20	11	7	100	13	42	35	28	12	10	39	2	6	8	7	87	15	7	87	8	19	2	3	4	19	17	2	3	22	29	7	7	65	13	15	44	14	5	24	12	74	8	12	25
Candidatus Lindowbacteria	3	6	7	0	4	0	2	11	5	11	8	2	0	1	1	7	2	0	1	2	3	15	0	24	4	1	3	4	4	0	12	0	0	9	2	5	9	0	1	8	0	1	10	2	25	7	5	2	11	5	2	16	25	16	7	0	13	3	0	0	4	57	4	8	32	3	8	2	0	4	6	17	0	0	9	5	4	3	70	1	4	8	5	1	13	5	15	2	1	9
Candidatus Raymondbacteria	4	31	4	2	13	2	23	7	25	50	18	15	2	2	4	19	4	9	9	4	19	50	0	16	3	345	53	30	2	39	8	6	33	23	0	7	24	15	1	13	3	12	70	11	18	20	13	6	17	9	0	43	12	18	27	0	4	1	2	46	9	9	7	8	12	8	4	48	0	6	2	44	2	1	7	15	8	2	18	6	35	22	88	0	45	4	123	4	11	21
Candidatus Riflebacteria	86	11	20	43	14	2	12	42	17	21	14	1	56	3	18	11	3	5	12	69	6	23	7	10	12	6	18	12	0	38	14	3	21	20	24	14	7	8	34	13	9	5	72	4	45	17	24	5	16	31	20	60	26	19	16	50	49	2	6	12	5	25	18	14	10	8	23	13	3	18	4	30	8	30	33	26	37	3	12	13	24	23	55	8	17	26	64	9	47	11
Candidatus Schekmanbacteria	14	14	3	11	23	3	27	19	11	41	7	2	60	3	19	8	20	5	5	77	34	17	3	7	6	11	86	1	5	5	6	11	11	14	11	6	30	10	5	7	7	5	38	45	13	85	10	2	9	12	1	76	8	25	36	5	7	4	3	5	4	7	17	9	15	18	13	24	4	55	3	34	6	4	10	25	7	6	8	1	30	17	29	4	42	9	63	21	44	20
Candidatus Wallbacteria	16	19	8	29	34	14	35	13	16	39	18	11	5	3	17	14	41	50	14	50	26	18	1	16	3	18	38	15	4	24	6	5	19	14	8	55	15	23	11	7	5	14	59	14	63	20	51	9	17	14	1	96	77	19	23	7	95	8	2	49	5	17	11	19	34	14	20	9	1	6	5	47	2	4	6	11	21	3	28	15	24	20	32	12	31	54	58	24	22	11
Candidatus Wirthbacteria	2	1	18	0	2	1	0	8	0	5	1	0	33	0	5	0	0	1	0	3	1	2	3	1	3	1	0	1	0	0	2	2	2	3	8	2	1	0	1	3	0	1	5	2	6	7	1	0	2	3	0	5	1	1	5	3	1	1	0	2	1	1	6	1	2	14	2	3	2	1	2	1	1	13	1	0	2	0	1	1	2	2	2	0	4	2	12	1	3	2
Candidatus Desantisbacteria	7	10	7	4	12	4	16	12	14	18	8	4	5	3	6	13	2	36	3	23	15	17	17	6	4	26	12	2	3	0	9	20	9	11	4	4	8	11	5	7	4	5	17	6	42	7	14	2	13	5	1	34	5	25	18	0	19	18	2	2	2	15	7	6	15	16	10	5	2	9	3	20	3	0	0	7	4	8	42	2	39	13	57	8	27	4	21	9	28	13
Candidatus Goldbacteria	0	27	7	6	1	1	30	2	23	16	14	6	3	1	0	1	3	38	3	16	30	5	1	29	7	5	5	1	1	2	8	8	9	1	0	5	7	4	1	8	4	1	19	30	12	14	73	2	3	4	40	224	6	14	9	7	0	4	3	8	1	9	6	6	2	2	6	7	4	1	0	122	1	0	3	7	5	8	8	1	41	0	13	6	17	7	22	8	59	25
candidate division FCPU426	30	14	14	178	29	6	163	16	30	37	23	3	11	1	28	7	2	35	9	58	23	12	7	26	25	24	45	11	4	11	16	3	24	21	6	12	15	28	9	16	32	7	80	34	62	26	28	4	22	25	7	68	55	28	45	16	32	1	9	27	8	27	14	23	21	19	33	17	2	3	1	35	8	6	10	24	14	13	28	31	49	28	56	11	40	10	104	9	21	14
Bacteroidetes	5088713	3770897	2106478	24733480	4428480	7192171	8730425	946528	2837661	1323849	565611	1774965	7780803	240076	7204237	2093473	11820748	6892920	861952	19589958	2023116	2194050	3749592	1890033	1338301	1276759	9010007	3763895	2760130	14474454	850476	10569328	4611663	2398476	6291748	8688267	5543908	1263931	6609315	2948430	5082939	2810749	7669230	12447631	2076797	3072537	3536821	310510	1045129	4748001	4130269	5814720	1659281	1769834	9699702	11475628	1035139	5816038	722867	5329818	512145	2927747	7074459	1063439	2465943	4095936	2295278	3863594	3432138	6143968	631514	395310	1536051	3954683	1145258	2777973	2519332	1549420	2469759	1395111	1507742	6383181	3581611	1689144	1923792	13250156	2413223	4168014	9031049	6168608
Chlorobi	329	165	70	360	128	45	166	126	155	208	128	28	168	41	116	135	142	304	77	363	122	184	76	158	44	63	174	83	30	218	65	82	168	148	71	354	152	227	295	71	55	35	738	152	251	106	175	72	90	146	52	530	158	209	139	179	125	30	89	200	32	128	221	85	253	112	106	127	113	50	47	298	22	94	61	88	181	52	261	79	173	211	449	47	218	220	301	126	154	78
Ignavibacteriae	326	633	171	798	456	141	1049	246	554	769	302	80	297	117	256	306	190	355	181	582	459	346	65	399	125	428	587	211	70	362	146	158	369	333	168	383	389	417	208	252	214	175	1317	561	702	390	446	87	238	403	141	1134	296	510	675	226	256	213	75	394	67	463	245	249	305	207	260	148	98	263	69	574	96	151	189	241	230	115	551	174	449	430	1168	116	856	286	968	269	632	340
Candidatus Kapabacteria	15	14	14	9	16	2	7	5	20	49	26	2	10	3	41	18	12	5	7	22	12	47	3	13	5	6	20	6	5	8	6	8	12	7	1	22	18	11	4	7	12	3	40	17	32	11	15	17	16	12	44	67	5	9	13	8	8	7	2	12	6	79	19	21	7	18	6	5	4	7	5	25	0	10	23	10	7	7	25	5	38	13	44	2	9	16	68	14	36	8
Rhodothermaeota	8	38	38	26	23	16	18	37	30	35	41	3	42	8	39	53	13	25	11	64	35	56	10	6	10	24	45	9	20	17	24	5	26	24	11	17	37	160	52	27	49	5	166	25	190	44	48	16	44	63	7	55	28	26	44	44	14	8	9	31	13	278	64	26	32	24	38	6	1	14	9	53	2	7	35	19	35	9	106	12	22	26	65	3	21	44	80	14	15	42
Balneolaeota	15	122	31	71	83	20	126	36	55	99	24	11	49	2	23	68	25	20	16	169	131	74	18	147	27	31	50	10	9	156	22	35	366	28	50	32	22	171	38	50	50	25	660	269	173	88	76	4	54	21	41	550	20	58	54	24	7	56	8	136	7	25	41	56	55	31	35	18	34	39	16	281	4	39	9	24	18	12	74	12	141	62	546	9	135	53	121	39	69	51
Cyanobacteria	3866	5544	4776	5461	3732	12248	191996	1694	6330	11082	2199	10905	1646	370	3271	1489	22823	6604	1097	3606	4130	2214	692	6103	2642	4338	5101	4419	433	1703	1235	8919	29953	3100	8959	1496	6659	4550	1053	1535	21264	1716	118206	18878	3337	4294	4025	518	1111	3251	426	16815	3113	2871	3821	4473	1384	5926	639	14211	358	3989	5746	1313	3013	1951	8256	1628	854	1453	324	33530	2083	7973	1156	4767	11800	1379	2216	1822	3424	1966	59488	757	12639	4797	5292	2127	108212	2097
Candidatus Melainabacteria	20536	11196	21870	28341	45053	24034	171277	10341	63580	18401	5176	7375	15960	91	18643	3242	35084	33364	3244	4017	18449	17954	49997	13561	5600	9542	22103	16411	2683	6391	2476	35224	61536	9045	13231	5853	12542	11495	3016	6715	28986	5847	143161	26467	12098	13495	26195	2688	3480	5829	8389	30247	15357	5657	16215	8926	2747	14464	1314	32519	796	4951	19874	2249	27298	6069	7833	10345	3297	15561	166	48223	6916	15363	5055	9014	22150	18486	3747	4918	9284	7035	294582	10890	17120	26372	7045	11347	127929	13064
Candidatus Margulisbacteria	8	23	7	19	16	12	59	32	11	97	11	1	9	2	8	11	25	12	12	33	15	9	9	17	17	20	20	3	2	20	12	12	33	10	21	3	16	3	11	11	6	20	67	20	19	19	17	3	10	10	4	47	16	11	18	12	21	9	2	10	10	31	23	12	9	17	7	7	0	2	1	25	3	4	4	9	14	6	10	7	20	18	56	5	30	8	74	5	50	6
Candidatus Gracilibacteria	46	13	7	45	36	5	35	7	103	34	9	3	1	6	51	27	7	5	7	114	66	5	0	14	1	82	75	6	13	39	10	9	54	39	9	7	10	56	3	9	51	4	19	24	14	45	7	5	3	28	8	181	18	9	65	1	52	5	1	42	9	2	9	41	2	53	9	6	4	0	0	14	2	4	1	31	19	45	43	20	58	2	115	9	150	20	59	4	38	46
Candidatus Microgenomates	0	1	0	9	5	1	1	0	0	2	0	0	0	0	0	0	0	28	0	1	6	3	1	2	3	0	1	0	0	4	1	1	2	0	0	1	0	1	0	1	0	1	0	1	0	0	0	1	0	0	1	0	3	1	6	0	0	0	0	0	0	0	0	0	1	0	0	0	0	1	2	0	0	0	0	0	0	0	0	1	2	0	3	1	4	6	7	0	0	0
Candidatus Curtissbacteria	26	11	9	26	19	31	51	7	17	74	10	5	1	3	25	4	7	1	4	6	12	9	0	11	2	17	25	3	6	17	5	6	19	9	1	5	19	6	1	4	8	5	88	35	24	6	11	7	29	10	0	22	43	12	13	4	8	5	0	11	2	5	6	9	6	2	2	12	2	15	14	20	4	4	3	10	13	4	7	10	19	50	66	4	37	13	31	7	20	13
Candidatus Daviesbacteria	9	43	5	76	25	53	174	10	17	21	19	4	4	3	10	10	20	39	3	30	44	16	1	10	2	47	22	9	4	49	16	7	34	4	6	5	125	8	2	11	13	9	27	87	27	13	60	2	5	12	3	71	16	43	34	34	20	11	4	20	0	21	12	14	5	20	11	12	9	31	3	33	8	4	4	13	9	13	8	11	30	15	93	10	49	24	25	7	39	19
Candidatus Levybacteria	35	39	11	36	63	45	202	27	32	104	38	2	33	2	27	13	32	18	12	81	83	78	7	60	32	84	51	4	8	29	23	38	58	16	15	23	45	47	13	34	34	21	98	76	34	67	16	8	16	20	2	145	30	20	92	14	12	20	5	38	2	56	22	37	67	34	33	10	4	26	5	87	5	23	7	32	15	37	37	28	53	30	629	14	198	5	87	20	65	54
Candidatus Gottesmanbacteria	14	17	12	21	22	7	61	28	29	17	2	1	10	1	21	4	3	27	12	40	34	17	6	16	3	45	33	5	0	6	10	13	22	18	5	61	18	13	18	35	45	5	90	30	27	20	37	6	9	12	1	116	23	10	24	9	9	2	1	20	1	24	39	10	20	6	19	7	3	13	5	70	1	2	10	21	13	12	32	4	22	19	63	5	48	78	53	17	51	15
Candidatus Shapirobacteria	9	22	0	19	33	4	35	6	11	12	12	1	2	1	8	11	17	8	3	15	33	19	3	24	11	32	14	6	1	14	3	14	26	7	1	10	7	13	1	9	17	4	144	31	9	3	5	1	3	5	3	119	8	17	27	9	5	49	4	9	2	3	8	11	10	9	10	14	2	7	3	40	2	4	7	12	9	3	5	6	44	9	118	13	16	10	19	9	45	13
Candidatus Woesebacteria	26	32	8	25	35	5	86	20	51	50	23	7	9	14	24	17	29	25	22	39	88	29	4	43	12	44	51	21	3	37	27	13	46	16	6	9	34	48	7	25	10	7	154	165	44	36	31	4	19	24	23	173	16	28	76	5	55	10	5	20	7	33	8	13	35	29	24	5	7	9	7	123	2	16	11	22	13	13	33	7	73	29	111	15	202	11	126	40	79	26
Candidatus Roizmanbacteria	38	26	2	22	54	18	416	8	94	32	18	3	20	2	25	9	20	31	11	125	169	27	11	107	14	141	125	4	6	254	21	271	112	51	4	31	34	17	9	31	77	32	392	165	13	72	27	7	10	39	71	356	14	15	63	8	17	118	10	104	2	18	18	14	24	10	19	13	10	22	9	327	10	5	17	61	32	14	11	7	135	25	611	24	209	27	94	30	200	23
Candidatus Pacebacteria	18	14	73	13	68	5	23	50	29	24	44	5	15	1	17	16	35	10	16	84	38	34	3	29	12	102	26	9	10	15	39	10	26	18	1	9	19	15	16	14	13	8	72	30	55	102	18	2	28	41	9	87	35	61	41	14	7	12	6	11	9	62	7	60	36	15	30	38	2	5	10	63	8	5	16	30	22	18	101	29	59	54	97	7	47	15	102	31	49	19
Candidatus Collierbacteria	4	15	13	9	11	8	29	4	22	13	10	2	5	0	6	11	3	3	4	20	10	4	3	10	5	18	10	5	4	4	7	6	6	6	5	16	9	10	5	10	7	1	59	8	32	12	6	0	8	3	8	20	4	6	13	3	1	3	1	10	2	14	4	11	8	4	17	4	0	10	3	17	1	2	6	24	6	5	15	8	15	11	31	4	41	6	33	15	10	10
Candidatus Beckwithbacteria	17	13	2	48	11	90	21	8	11	20	3	6	33	0	15	16	22	7	3	32	23	11	11	10	5	5	22	5	3	94	2	1	17	3	7	14	4	11	74	19	51	6	44	14	19	2	15	3	4	7	0	15	4	4	13	32	1	1	2	21	4	2	9	1	6	8	14	5	2	8	1	11	1	2	6	7	5	6	2	3	16	30	52	6	45	7	21	7	20	7
Candidatus Amesbacteria	2	5	2	15	1	2	1	3	14	10	10	2	11	1	1	2	0	2	1	25	49	7	2	9	6	10	3	3	1	10	3	1	11	3	1	4	66	3	1	1	2	0	15	25	1	9	5	0	2	3	1	11	1	6	3	0	4	1	2	1	0	0	3	8	1	0	4	8	0	11	3	13	1	1	2	2	5	1	2	0	7	21	11	1	17	1	10	0	6	5
Candidatus Blackburnbacteria	4	0	2	0	4	0	6	4	6	20	2	0	3	0	3	0	1	2	2	2	5	24	0	4	3	3	7	0	0	3	0	3	4	0	1	1	1	4	0	66	0	1	17	5	4	3	0	0	0	1	1	27	15	4	10	0	0	4	0	6	0	2	11	0	2	1	3	2	2	1	0	5	0	0	2	23	1	0	2	2	50	5	3	0	50	1	15	1	2	11
Candidatus Woykebacteria	4	4	0	10	15	15	5	5	7	4	13	4	5	0	0	6	20	2	8	10	17	3	1	1	6	1	2	1	2	8	4	4	4	4	12	2	9	2	3	1	8	5	22	4	2	14	2	0	5	8	1	97	9	5	11	5	6	1	1	10	0	2	4	2	6	1	5	17	4	7	1	16	1	22	1	9	2	8	11	5	23	5	38	3	31	3	47	3	27	1
Candidatus Chisholmbacteria	78	3	7	2	6	10	2	8	3	16	0	1	9	4	1	5	1	11	0	1	8	8	7	3	0	1	8	4	0	43	3	1	13	6	3	9	13	22	3	8	1	2	35	7	37	8	3	1	0	9	91	15	5	8	12	8	3	1	32	20	0	13	0	8	2	3	4	0	0	63	99	1	3	3	6	21	27	2	3	8	8	7	3	3	9	3	29	1	2	2
Candidatus Parcubacteria	11	15	1	23	10	3	94	1	19	14	9	0	1	1	14	7	9	5	4	18	40	31	0	5	6	32	9	2	0	4	4	6	28	8	2	36	18	3	2	8	11	0	45	34	19	33	13	2	3	9	0	29	10	11	47	5	7	4	4	2	1	8	5	37	6	2	6	8	2	1	4	37	3	4	2	16	7	13	6	1	15	4	55	0	156	3	71	4	64	14
Candidatus Campbellbacteria	10	4	4	1	14	3	21	2	2	7	5	1	5	1	5	4	2	4	1	5	18	5	1	5	3	37	7	3	1	5	7	15	13	15	0	4	8	1	1	6	0	2	26	19	7	49	5	0	0	8	0	15	2	3	16	1	10	1	1	2	1	1	2	2	5	0	4	2	1	2	1	42	3	1	0	12	4	4	1	2	12	3	50	0	55	1	16	6	52	5
Candidatus Falkowbacteria	57	58	85	80	88	116	380	37	74	66	49	3	127	4	30	14	132	128	37	190	94	51	9	56	18	84	35	30	5	38	63	50	77	24	21	22	29	24	181	27	50	42	182	36	54	51	82	12	14	32	16	201	20	31	80	10	25	25	8	88	3	70	192	49	51	35	14	19	20	11	5	116	20	18	19	33	27	19	35	21	98	83	328	16	168	128	186	29	129	32
Candidatus Nomurabacteria	63	69	17	49	76	26	190	26	65	186	38	12	26	15	56	16	43	75	18	63	160	37	6	45	23	81	80	17	48	99	38	47	48	36	17	63	33	25	4	33	39	12	267	123	39	33	48	13	15	23	37	340	82	115	152	9	35	12	15	50	3	32	27	38	37	76	35	12	12	23	6	160	8	19	23	97	42	31	33	28	55	40	311	39	251	76	94	23	141	34
Candidatus Magasanikbacteria	54	113	18	48	57	144	570	23	67	101	70	11	57	7	49	15	99	73	28	153	194	70	6	61	18	122	138	24	10	50	21	28	119	48	11	98	174	29	6	47	73	26	232	75	56	41	43	6	14	73	12	195	67	196	123	36	430	14	24	116	8	20	29	27	51	44	32	11	21	49	4	163	27	9	9	44	24	46	78	20	107	40	399	12	200	123	108	58	197	75
Candidatus Uhrbacteria	36	79	37	56	43	16	215	55	89	58	57	9	46	5	44	31	16	17	18	58	55	34	6	60	6	55	45	50	16	24	32	13	37	38	10	9	25	25	38	38	37	10	123	41	77	61	49	11	36	31	37	167	80	49	60	17	14	18	6	34	7	20	39	38	46	39	30	13	16	23	11	64	11	15	83	30	35	21	58	73	62	50	95	9	179	25	112	27	34	37
Candidatus Yanofskybacteria	20	36	5	51	54	6	67	11	11	95	16	6	11	2	7	6	22	29	79	80	46	30	2	13	9	38	33	14	8	10	5	10	14	17	12	18	27	18	3	19	21	36	40	15	51	65	61	3	21	24	3	123	29	102	26	6	61	3	8	51	6	106	13	12	21	13	18	8	11	9	14	95	2	1	5	16	24	14	41	14	89	27	274	4	212	18	63	11	31	26
Candidatus Kaiserbacteria	27	102	17	48	93	24	114	42	36	72	22	9	21	6	48	31	32	21	15	65	31	74	12	53	4	24	36	18	7	15	7	20	61	28	17	39	27	26	15	27	15	9	130	53	47	45	44	3	38	15	56	208	94	155	34	30	119	78	11	25	14	48	48	26	53	18	26	5	6	20	13	125	7	5	19	29	9	11	89	17	44	56	113	9	43	58	83	86	70	28
Candidatus Wolfebacteria	5	11	13	20	21	7	69	22	39	15	8	4	0	3	19	9	67	19	6	15	15	11	4	60	4	19	14	13	5	18	14	10	22	19	4	9	34	19	2	16	9	9	149	41	26	5	77	0	21	13	5	65	11	29	53	10	12	4	1	16	6	20	5	18	15	19	8	6	2	27	0	36	13	7	14	9	16	11	23	11	82	26	44	5	52	21	25	14	30	12
Candidatus Adlerbacteria	3	2	0	0	1	2	2	2	5	3	2	2	3	0	2	0	3	1	3	10	1	2	1	7	1	2	3	7	2	4	0	2	9	1	0	3	4	6	23	10	1	0	12	1	5	0	0	1	8	0	0	7	22	4	3	2	13	0	1	2	1	18	4	3	8	6	3	0	0	0	1	5	1	2	5	1	2	3	22	3	12	7	21	2	9	3	56	5	7	1
Candidatus Moranbacteria	151	172	42	202	310	42	333	97	206	282	107	29	77	15	49	29	60	71	28	94	204	172	19	180	70	212	115	90	17	137	67	59	198	78	26	217	93	149	38	79	31	37	256	136	149	126	105	19	27	119	30	259	54	61	170	38	128	73	21	112	14	35	61	86	67	31	44	71	28	37	15	255	81	27	30	77	58	33	185	35	201	144	337	79	194	85	204	117	279	100
Candidatus Giovannonibacteria	13	10	21	30	20	12	37	23	33	34	48	3	14	3	7	18	18	13	6	23	36	18	4	21	5	13	57	14	3	12	17	5	16	7	2	12	10	15	6	5	5	18	95	9	27	28	26	3	8	30	4	82	18	21	17	15	35	12	8	10	3	7	16	26	23	15	15	5	5	5	3	48	22	4	12	13	13	6	13	12	24	18	75	8	46	18	29	16	28	13
Candidatus Jorgensenbacteria	0	3	3	4	12	15	17	1	4	13	3	6	4	0	2	1	8	34	1	17	7	2	1	7	1	8	14	4	4	2	3	8	3	3	3	6	27	10	2	1	68	1	70	1	5	3	1	1	6	1	0	15	3	4	8	2	3	5	1	4	0	9	11	5	3	5	4	1	2	1	7	3	0	3	0	56	6	7	8	3	5	9	17	2	47	8	19	3	4	7
Candidatus Kuenenbacteria	8	7	0	6	20	8	12	29	13	19	7	0	40	0	7	3	7	6	4	174	27	11	6	7	8	20	14	5	0	4	8	7	11	8	3	7	12	22	3	11	7	3	28	6	13	9	11	1	5	3	0	73	2	6	53	6	6	5	4	10	2	6	23	1	71	5	8	10	1	15	1	48	3	0	5	10	6	5	13	2	11	23	27	0	54	11	33	3	13	12
Candidatus Azambacteria	3	2	3	0	10	3	15	22	23	6	3	0	2	1	6	0	1	8	4	2	20	7	0	12	1	2	15	2	1	1	1	3	5	5	0	1	11	3	1	3	6	3	30	5	72	12	12	2	8	7	22	58	8	11	18	1	7	1	0	20	3	10	10	10	9	8	3	1	2	1	1	22	2	15	5	8	5	1	5	0	6	13	19	7	19	4	72	17	10	4
Candidatus Andersenbacteria	26	10	14	49	5	3	35	2	5	3	10	6	4	0	1	9	6	6	6	9	10	4	1	13	3	4	19	7	3	8	4	3	20	3	19	7	1	3	4	4	1	1	31	23	9	1	12	3	0	1	0	21	2	4	20	3	25	2	0	19	0	12	12	3	5	2	11	10	2	0	1	12	6	0	1	4	8	0	3	0	2	4	30	5	12	5	24	0	6	5
Candidatus Brennerbacteria	2	3	0	0	1	11	9	0	1	12	0	0	0	0	1	0	0	0	0	1	5	2	0	0	0	3	0	0	0	1	1	0	2	0	0	0	0	6	0	0	0	0	0	2	1	0	0	0	0	0	1	1	0	0	2	0	0	0	0	0	0	5	0	0	0	1	1	3	0	2	0	1	0	0	0	0	1	0	0	0	3	1	3	0	0	0	4	1	0	0
Candidatus Buchananbacteria	14	23	17	5	42	2	30	23	34	16	16	8	28	9	6	7	9	15	6	14	25	18	3	25	1	17	13	4	7	26	5	74	55	15	20	15	17	11	8	6	6	20	38	20	34	30	11	5	74	18	0	52	32	30	39	3	13	20	2	26	8	5	14	20	19	5	17	7	1	6	2	43	1	9	16	12	19	19	10	20	31	17	97	14	58	9	35	7	46	16
Candidatus Colwellbacteria	1	4	1	5	15	5	60	1	1	3	0	1	20	0	3	4	54	1	1	8	0	1	0	5	0	1	3	0	1	0	1	1	7	0	7	130	0	0	0	7	0	0	165	9	6	2	0	0	0	1	0	8	0	3	1	1	2	0	0	7	0	1	1	3	94	1	3	4	0	0	0	6	1	0	0	1	9	1	6	5	1	1	13	3	3	13	6	10	3	0
Candidatus Harrisonbacteria	45	1	8	5	16	2	30	2	4	9	7	2	2	56	5	0	7	1	0	5	38	4	0	4	0	31	10	6	0	6	1	9	13	3	0	5	11	4	1	3	4	3	25	34	7	4	5	3	2	9	0	45	8	5	20	5	10	0	25	15	1	10	3	2	12	2	3	5	5	6	3	28	1	2	1	7	4	1	19	2	21	2	47	4	15	3	22	2	16	8
Candidatus Jacksonbacteria	26	2	2	0	0	1	8	1	2	5	1	1	1	0	3	0	1	8	0	1	2	0	0	6	0	2	2	1	0	0	0	1	0	0	0	2	0	0	0	1	0	0	2	0	0	9	2	0	1	1	0	1	1	0	2	64	0	2	0	0	0	2	0	6	0	0	1	0	0	1	1	1	0	6	1	0	0	0	1	1	2	2	5	0	3	1	6	0	2	0
Candidatus Kerfeldbacteria	3	10	3	2	12	4	25	9	14	87	9	1	2	12	34	51	6	15	6	35	95	7	2	14	0	15	26	3	2	25	10	7	12	3	45	1	28	4	4	61	3	1	19	15	23	13	76	4	7	5	0	32	115	11	10	42	10	2	2	5	5	4	24	64	9	8	8	16	0	10	4	12	6	2	4	8	5	5	19	7	26	6	82	7	19	21	40	30	11	24
Candidatus Komeilibacteria	8	20	6	6	25	8	140	7	18	13	8	2	3	1	10	9	1	11	4	6	22	9	3	13	6	9	8	2	16	38	9	9	20	16	4	6	16	6	1	4	2	9	55	5	8	8	16	4	8	6	0	61	2	17	10	2	4	0	1	23	3	13	11	7	6	11	12	5	5	5	3	8	2	0	1	8	6	2	11	8	8	8	60	4	28	5	28	33	16	6
Candidatus Liptonbacteria	2	12	5	8	12	2	19	13	12	47	10	2	3	4	1	11	0	3	3	3	15	14	0	3	0	5	8	3	0	3	6	4	6	2	0	50	2	4	0	6	2	5	14	10	7	7	11	2	4	15	2	33	9	29	16	0	6	0	1	8	0	10	10	10	6	6	9	0	0	3	7	48	0	0	7	4	1	0	5	4	10	16	29	0	18	9	25	3	58	5
Candidatus Lloydbacteria	3	7	3	1	11	0	7	34	2	9	9	0	2	1	3	23	0	8	0	8	5	21	1	4	3	2	4	2	1	0	2	13	2	6	0	2	4	1	0	28	2	1	25	0	15	2	4	3	6	3	9	11	24	12	20	1	11	0	1	4	5	149	14	8	2	2	5	1	1	7	0	19	1	3	9	5	3	1	12	5	8	6	37	7	14	3	43	11	16	4
Candidatus Nealsonbacteria	123	11	4	85	26	18	47	16	15	22	8	8	16	2	32	7	70	13	5	33	46	23	3	33	6	55	52	20	1	10	10	133	39	14	83	153	26	13	1	22	24	2	127	44	25	18	9	4	3	10	8	109	7	16	49	6	14	5	5	23	1	3	10	11	10	11	11	4	3	32	2	78	14	3	6	16	79	10	8	4	41	6	93	7	76	4	100	4	87	14
Candidatus Niyogibacteria	0	0	3	8	1	0	7	2	2	6	1	1	1	0	0	2	4	0	0	2	4	4	1	23	1	0	0	4	1	3	2	1	2	0	0	0	1	16	0	2	2	2	4	10	9	12	8	0	1	1	0	10	2	1	3	2	1	3	0	2	1	4	0	4	4	2	1	1	0	0	0	10	0	0	1	5	1	2	3	1	4	28	3	2	22	3	4	2	5	0
Candidatus Portnoybacteria	67	31	6	152	32	41	70	7	15	20	12	11	9	0	49	3	103	86	6	167	44	7	3	16	12	9	92	10	42	144	9	88	12	16	18	19	42	15	3	7	22	7	151	97	7	15	10	2	4	11	7	144	11	28	72	22	23	164	6	41	0	4	10	8	9	34	13	8	8	24	2	56	6	9	3	21	9	15	2	2	23	6	58	3	56	42	28	29	74	79
Candidatus Ryanbacteria	1	17	2	2	6	7	2	9	3	6	2	1	1	2	9	1	3	2	1	30	10	7	26	5	0	3	11	3	1	0	3	1	4	4	4	1	2	0	2	3	7	2	4	2	11	3	8	1	3	6	0	81	5	4	20	1	3	2	5	32	2	2	5	2	0	5	7	2	1	1	1	5	0	0	4	7	1	1	3	2	10	5	12	0	13	3	7	3	9	3
Candidatus Spechtbacteria	1	0	3	0	5	0	22	4	1	12	0	1	1	3	1	8	2	1	5	7	9	10	0	3	2	142	1	3	0	2	3	1	2	3	1	1	0	13	0	6	4	6	8	1	22	3	1	0	4	6	1	14	8	4	8	1	0	1	0	2	2	1	2	2	2	2	3	0	1	0	0	50	1	0	0	4	1	2	8	0	19	9	28	0	18	1	26	3	8	1
Candidatus Staskawiczbacteria	14	60	18	8	32	6	29	4	7	45	9	3	7	1	11	8	8	18	10	10	54	22	1	25	7	36	18	14	2	6	16	5	18	9	3	48	31	3	8	8	8	1	162	102	11	50	6	1	8	18	3	169	13	12	52	2	26	3	0	16	6	11	8	7	10	17	5	14	8	8	1	83	3	3	10	6	8	11	4	4	59	26	61	2	59	5	81	7	44	35
Candidatus Sungbacteria	15	17	11	4	15	4	42	18	21	35	43	2	12	6	36	12	14	14	7	31	20	31	3	18	14	7	26	10	4	4	4	4	17	12	0	22	14	7	4	8	1	8	68	16	116	35	42	5	15	12	1	47	13	14	33	28	23	0	3	37	8	33	30	12	31	11	14	33	7	16	6	18	1	4	10	5	11	4	32	13	11	12	53	1	21	9	55	45	13	19
Candidatus Tagabacteria	13	9	6	13	2	4	2	0	4	1	3	1	0	0	1	0	10	0	1	5	20	2	1	1	0	1	2	4	0	9	2	1	3	0	1	1	0	1	0	7	12	0	2	6	0	1	7	0	2	2	0	1	2	2	0	0	0	4	4	0	0	3	2	0	1	0	1	3	1	0	0	2	9	0	0	0	1	3	10	3	3	1	16	1	3	2	1	1	3	2
Candidatus Taylorbacteria	19	4	3	11	30	13	129	11	14	17	10	4	14	0	5	7	5	10	4	94	23	15	2	15	7	27	23	5	6	7	11	4	15	15	1	18	8	8	1	17	7	2	31	14	22	40	20	1	9	11	12	43	8	15	21	2	17	1	7	25	3	15	42	8	9	8	14	3	2	2	2	53	3	4	12	7	8	9	15	5	16	10	51	3	211	19	49	21	25	34
Candidatus Terrybacteria	1	2	2	2	10	1	4	3	6	8	6	6	0	2	6	5	0	41	0	0	14	5	0	45	1	8	9	1	3	3	4	2	10	1	2	0	12	0	2	1	4	0	11	7	4	0	4	3	2	10	0	10	3	1	4	2	0	2	1	3	1	18	0	1	3	1	2	4	6	4	2	3	4	0	2	3	1	2	7	3	17	3	19	4	42	0	12	2	2	3
Candidatus Veblenbacteria	0	0	0	1	0	0	0	1	0	0	0	0	0	0	0	0	4	0	0	1	0	1	0	0	0	1	20	0	0	0	0	0	2	12	0	0	0	0	0	0	0	0	1	0	0	0	0	0	1	0	0	1	0	0	0	0	0	0	0	5	0	0	0	0	1	0	1	1	0	0	0	0	0	1	0	0	0	0	1	0	0	0	1	0	3	0	0	0	1	3
Candidatus Vogelbacteria	2	6	6	8	4	6	28	5	3	22	9	2	1	7	5	1	3	30	5	31	11	3	0	6	3	6	3	8	0	2	0	0	4	5	1	20	3	1	9	4	1	3	26	6	14	20	6	1	6	4	2	28	3	11	3	2	6	1	0	8	0	4	8	2	4	2	9	3	0	0	0	16	1	1	2	6	1	2	21	0	9	6	33	2	11	15	17	3	6	2
Candidatus Wildermuthbacteria	8	29	3	14	6	11	8	3	3	12	3	2	12	0	4	3	5	5	3	8	25	9	2	7	3	7	11	6	1	4	6	3	17	3	1	12	0	2	1	2	4	1	44	50	8	4	24	2	1	5	2	30	6	25	21	1	2	5	2	3	0	26	18	7	6	7	9	5	6	2	1	89	2	4	2	7	2	3	13	2	61	16	12	0	13	4	14	5	8	9
Candidatus Yonathbacteria	7	8	1	1	15	11	6	7	33	16	9	0	40	0	6	4	19	22	3	38	6	2	1	13	1	3	4	0	3	0	0	5	16	1	0	6	3	7	3	4	37	7	27	4	748	3	5	2	3	5	2	32	3	9	18	2	0	6	0	11	2	3	44	4	11	2	7	4	0	5	5	13	5	0	2	3	9	15	12	7	8	18	61	4	12	22	14	3	9	3
Candidatus Zambryskibacteria	16	39	69	8	17	7	56	18	21	41	20	13	14	5	8	4	8	8	1	10	47	10	1	34	13	20	57	7	3	6	11	12	28	10	9	5	32	3	0	5	6	12	38	27	20	6	15	4	9	42	5	89	23	13	38	11	4	3	3	71	16	13	7	8	18	4	19	96	5	5	5	27	5	0	9	12	21	10	4	7	28	7	37	0	75	12	34	9	12	19
Euryarchaeota	6494	2471	103230	2061	3099	869	106960	7557	19321	18202	39931	586	72389	2740	6000	6704	909	1737	34171	93558	99674	12317	15088	5472	1404	2387	11967	1133	17105	2351	20648	2719	2163	29790	3017	2736	7318	1913	32062	3479	880	892	11828	2389	14019	2721	2377	16932	9859	5611	522	196699	89361	17188	5804	11865	108789	737	386	91657	4346	15808	57506	8874	52235	9869	8888	985	775	1413	1011	8937	672	483	2579	16930	4443	23409	11714	1082	2862	3035	53190	5557	55013	2181	81658	3177	3431	2325
Crenarchaeota	28	74	39	38	103	29	133	93	57	69	54	13	58	16	46	37	36	34	57	108	534	102	15	75	55	218	118	12	15	71	45	51	61	50	25	13	46	73	64	70	30	22	306	82	96	103	64	13	43	73	1	251	76	60	151	43	48	23	4	25	11	85	75	17	66	58	61	42	25	54	13	61	15	4	80	79	56	45	140	31	107	100	217	12	255	88	213	61	92	60
Candidatus Korarchaeota	0	5	1	34	2	1	0	4	3	2	1	2	0	0	1	10	0	2	0	1	2	6	0	1	0	2	5	0	2	2	2	1	5	9	0	4	3	2	3	5	1	0	4	3	1	12	4	1	1	7	0	2	3	0	2	8	0	1	0	0	1	50	0	1	0	0	6	1	0	1	2	0	0	3	4	3	1	0	1	1	1	1	4	1	1	10	6	2	2	0
Thaumarchaeota	49	177	40	162	98	27	132	126	33	83	60	11	46	9	70	87	35	26	27	64	159	116	10	81	17	145	127	27	43	22	32	25	63	183	56	65	60	53	41	66	34	41	444	169	112	71	63	8	72	93	3	272	59	43	84	24	39	32	11	71	6	78	67	26	86	28	56	31	24	123	5	117	14	21	38	86	37	42	92	18	139	43	185	16	209	40	308	40	97	61
Candidatus Bathyarchaeota	80	86	55	41	54	28	88	125	60	126	95	2	27	9	40	75	56	29	15	38	138	101	22	63	29	61	151	18	7	46	39	47	51	39	19	42	50	64	128	79	23	22	201	151	92	79	68	10	77	59	5	231	88	64	416	18	47	23	24	83	22	101	53	76	61	40	37	21	17	65	19	88	27	32	38	97	61	19	158	33	76	55	111	11	130	97	252	43	156	59
Candidatus Verstraetearchaeota	0	9	1	2	5	0	0	8	2	12	4	0	2	5	8	8	0	0	4	0	0	8	0	1	1	0	3	5	2	1	2	4	0	1	0	2	3	0	0	1	0	0	11	1	7	2	7	0	6	14	0	32	4	2	3	1	5	0	3	1	0	16	10	0	4	1	5	0	0	0	5	0	1	0	30	3	1	2	11	1	6	3	3	0	5	3	9	1	3	3
Candidatus Geothermarchaeota	0	0	0	0	0	0	0	1	0	3	1	0	0	0	0	0	0	0	0	1	0	3	0	0	0	0	2	0	0	0	0	0	0	2	0	0	0	0	1	1	0	0	2	0	3	4	0	0	0	2	0	1	0	1	1	1	0	0	1	0	0	2	0	0	1	0	0	1	0	2	1	0	0	0	1	5	0	0	0	0	0	1	1	0	0	0	5	0	1	1
Nanoarchaeota	1	0	0	0	0	7	8	0	1	3	0	0	0	0	1	0	1	0	0	1	3	3	0	0	1	4	5	0	8	0	2	2	5	0	0	0	2	0	0	1	1	0	4	3	0	0	1	0	4	0	0	0	0	0	3	1	4	2	2	0	0	0	1	1	1	2	0	0	0	0	0	1	2	0	0	2	0	0	1	0	2	0	2	3	21	0	10	0	14	4
Candidatus Aenigmarchaeota	4	4	1	0	17	2	2	3	1	5	3	0	1	0	9	2	1	2	0	1	6	3	0	2	1	16	4	2	2	1	1	1	1	4	0	3	6	1	1	5	0	1	13	3	2	3	6	1	0	7	1	2	15	4	8	2	6	2	3	4	0	3	1	0	1	4	0	0	2	44	0	1	0	0	1	0	0	5	4	5	6	6	11	2	14	0	3	3	12	2
Candidatus Diapherotrites	11	9	2	9	1	2	4	0	3	1	4	14	0	0	1	4	2	0	0	0	15	8	2	5	1	12	3	0	0	1	1	0	5	9	1	3	26	1	0	9	3	0	49	13	2	1	3	0	0	6	0	14	5	1	4	5	0	8	0	17	6	3	0	2	0	0	5	0	2	2	0	2	1	3	0	3	3	4	6	1	10	0	19	4	4	0	7	1	11	0
Candidatus Parvarchaeota	2	1	0	7	4	3	43	0	2	1	1	1	0	0	0	0	38	9	0	17	2	1	0	0	0	4	12	0	0	42	1	0	7	0	0	2	7	0	0	0	0	0	23	14	0	0	4	0	1	1	0	0	0	0	3	0	0	7	0	2	0	0	0	1	1	1	0	9	0	0	0	3	1	0	0	1	2	0	0	0	0	0	4	7	3	18	0	0	2	0
Candidatus Woesearchaeota	12	49	13	13	25	2	12	16	9	33	14	1	4	8	10	5	4	2	3	10	48	41	3	52	11	59	32	5	3	4	6	15	22	22	9	14	17	2	1	30	8	0	86	81	22	13	43	5	47	37	0	133	25	26	32	15	18	12	3	14	35	601	19	12	17	12	28	9	1	7	1	43	4	3	5	8	15	40	24	11	45	6	57	5	101	6	106	12	24	23
Candidatus Micrarchaeota	3	6	4	0	16	1	1	22	11	20	11	4	6	1	7	6	3	1	6	15	15	10	1	5	1	10	7	2	0	2	3	4	2	5	17	15	3	1	11	2	1	4	15	6	47	13	8	4	7	5	0	19	21	11	9	10	35	0	4	32	1	8	11	3	25	5	9	1	2	13	3	13	1	1	12	7	3	1	13	6	10	16	5	0	12	21	19	7	8	8
Candidatus Altiarchaeota	3	26	4	20	28	3	13	9	4	30	10	0	4	4	7	5	7	2	7	5	26	27	0	3	2	20	15	4	7	15	2	4	12	9	2	2	25	18	2	11	5	1	42	14	14	33	15	1	15	12	0	42	10	8	13	2	9	4	2	0	1	12	3	1	10	10	19	3	0	8	0	10	1	0	9	14	9	4	8	2	21	6	71	3	25	2	36	0	15	8
Candidatus Huberarchaea	0	0	0	0	0	0	0	0	0	0	0	0	0	0	0	0	0	0	0	0	0	0	0	0	0	0	0	0	0	0	0	0	0	0	0	0	0	0	0	0	0	0	0	0	0	0	0	0	0	0	0	0	0	0	0	0	0	0	0	0	0	0	0	0	0	0	0	0	0	0	0	0	0	0	0	0	1	0	0	0	0	0	0	0	6	0	0	0	0	0
Candidatus Lokiarchaeota	99	18	5	14	53	39	65	4	15	26	19	2	15	1	12	3	13	54	3	5	61	19	0	10	16	110	28	30	1	64	22	10	35	18	8	18	30	34	0	32	22	23	73	102	31	42	71	16	3	6	1	52	4	11	15	20	11	3	30	9	1	9	11	5	7	7	7	16	10	43	1	32	19	8	5	41	51	17	13	2	24	21	65	6	82	2	105	8	37	16
Candidatus Thorarchaeota	2	1	0	32	4	1	88	6	5	1	0	3	2	1	6	0	35	24	1	41	4	1	6	3	0	92	26	7	0	2	2	1	40	8	1	0	4	2	0	7	1	22	41	34	8	3	7	1	1	0	0	4	1	2	2	54	0	19	0	18	1	7	2	0	6	2	9	0	3	3	3	16	6	0	1	4	3	0	5	0	6	7	8	9	28	59	21	3	1	1
Candidatus Heimdallarchaeota	9	20	1	9	8	0	9	1	4	4	6	0	5	0	6	1	1	4	0	2	33	17	0	3	0	39	3	0	0	1	1	3	11	2	2	1	6	4	0	2	3	2	4	5	2	7	1	0	2	6	1	152	4	0	16	1	4	0	0	0	0	0	2	2	0	2	2	3	2	19	0	4	1	0	0	11	2	5	1	2	3	6	18	0	22	28	32	0	12	1
Candidatus Helarchaeota	2	5	0	3	1	0	1	0	5	2	6	0	0	0	13	3	0	3	1	1	6	0	0	6	3	17	14	0	0	0	1	1	3	0	1	0	9	0	0	2	0	5	2	3	0	8	2	4	1	5	0	4	0	3	3	3	0	0	0	2	0	1	1	2	1	10	3	1	2	2	0	0	0	0	0	9	2	2	1	2	13	0	1	0	1	1	6	1	1	2
