sample	raw_reads	dedup_reads	dedup_frac	trimmed_reads	trimmed_frac	host_removed_reads	host_removed_frac	orphan_reads	orphan_frac
A1	8946863	8485616	0.948	6763753	0.756	3343576	0.374	2758594	0.308
C5	41631113	27717353	0.666	24469314	0.588	14001521	0.336	5464268	0.131
C13	43941692	28914477	0.658	25243884	0.574	14991371	0.341	6037321	0.137
C9	44878235	30664190	0.683	26663045	0.594	16062305	0.358	6705578	0.149
A60	9467885	9083696	0.959	7206297	0.761	3258061	0.344	2932708	0.31
B75	24807472	21008122	0.847	17826199	0.719	9712668	0.392	5083930	0.205
B39	19265140	16696271	0.867	14305638	0.743	7566228	0.393	3677746	0.191
B69	15307266	13609976	0.889	11650915	0.761	6267276	0.409	3084451	0.202
A27	9413292	9009035	0.957	6955222	0.739	3393544	0.361	3260911	0.346
A44	10532300	9938309	0.944	7733253	0.734	3478064	0.33	3425317	0.325
B4	20712724	18291905	0.883	15656672	0.756	9389627	0.453	4082063	0.197
A66	9128642	8832737	0.968	6983532	0.765	3193478	0.35	2943549	0.322
B48	20564563	17816442	0.866	15047871	0.732	8083565	0.393	4141988	0.201
B36	18995121	16562441	0.872	14408986	0.759	8306047	0.437	3240114	0.171
B9	22587723	19865087	0.879	17314111	0.767	9722692	0.43	3898278	0.173
A36	11453993	10967980	0.958	8684011	0.758	4551725	0.397	3679052	0.321
B77	22002120	18836033	0.856	16058861	0.73	8693839	0.395	4314768	0.196
B15	20617845	18003833	0.873	15331579	0.744	8795292	0.427	4102626	0.199
B20	20421040	17580044	0.861	15008518	0.735	8528493	0.418	3946345	0.193
C6	36539808	24336754	0.666	21696545	0.594	12956011	0.355	4050879	0.111
C4	37293687	26450271	0.709	23444938	0.629	16507817	0.443	4711843	0.126
C2	44203826	29237331	0.661	24544627	0.555	13419617	0.304	8047627	0.182
B31	16927514	14957217	0.884	12817272	0.757	7409349	0.438	3290084	0.194
C33	20263491	14708145	0.726	12839421	0.634	7784458	0.384	3111679	0.154
B44	19376209	16921421	0.873	14430148	0.745	7930070	0.409	3859775	0.199
A43	9712303	9223566	0.95	7026958	0.724	3853519	0.397	3475403	0.358
A59	11812144	10972551	0.929	8592132	0.727	3674893	0.311	3774151	0.32
B43	24694394	21184878	0.858	17946116	0.727	9607545	0.389	5159472	0.209
C30	21580819	15035664	0.697	13289864	0.616	7878702	0.365	2925493	0.136
B61	16986983	14888021	0.876	12881446	0.758	7671851	0.452	2975021	0.175
B14	14631692	12827195	0.877	11048051	0.755	7147846	0.489	2615357	0.179
B11	15635928	13898711	0.889	11847816	0.758	7596504	0.486	3075262	0.197
B58	22596616	19413754	0.859	16399535	0.726	8779419	0.389	4771395	0.211
A49	13742107	13026068	0.948	9649150	0.702	4565547	0.332	5496696	0.4
B54	21533342	18671500	0.867	15700677	0.729	8708519	0.404	4714397	0.219
A9	10355697	9910776	0.957	7862932	0.759	3827914	0.37	3264292	0.315
A41	10138874	9700731	0.957	7557955	0.745	5607214	0.553	3449279	0.34
C7	44696374	29738280	0.665	26123895	0.584	15597990	0.349	5762660	0.129
C31	23466969	16399988	0.699	13797561	0.588	11536546	0.492	4548365	0.194
A16	11447600	10764093	0.94	8565905	0.748	3815513	0.333	3445590	0.301
C20	18862321	13511597	0.716	11950337	0.634	7628858	0.404	2578573	0.137
C26	19079705	13962310	0.732	12309257	0.645	7629036	0.4	2724250	0.143
A25	11349669	10836418	0.955	8401788	0.74	3641751	0.321	3858336	0.34
A78	8207481	7862162	0.958	6121388	0.746	3504911	0.427	2692684	0.328
B17	21002638	18389533	0.876	15547868	0.74	7848890	0.374	4612512	0.22
A11	13884033	12904473	0.929	10194224	0.734	4151465	0.299	4270121	0.308
A34	7569023	7351112	0.971	5844143	0.772	2855948	0.377	2385691	0.315
A47	12982672	12291159	0.947	9360772	0.721	4077825	0.314	4788815	0.369
C24	16902425	12333010	0.73	11074682	0.655	6965440	0.412	2042969	0.121
A56	12883889	12171893	0.945	9471372	0.735	4392632	0.341	4267663	0.331
B60	15638399	13659703	0.873	11720726	0.749	6482582	0.415	2957815	0.189
A5	9460775	8879175	0.939	7001314	0.74	3099781	0.328	2997117	0.317
B25	19323677	16646013	0.861	14135553	0.732	7687366	0.398	3916370	0.203
B71	25476637	21077911	0.827	17277625	0.678	12622933	0.495	6357674	0.25
A17	10618795	10113623	0.952	7931737	0.747	3611403	0.34	3442177	0.324
B64	17439848	14970283	0.858	12785473	0.733	7023309	0.403	3284900	0.188
C29	21613614	15356246	0.71	13516210	0.625	8505139	0.394	3057486	0.141
B51	20670704	17745189	0.858	15040815	0.728	9300448	0.45	4324051	0.209
A39	10506024	10036090	0.955	7884015	0.75	3391256	0.323	3315973	0.316
B50	17609835	15539117	0.882	13166188	0.748	8133195	0.462	3628748	0.206
A42	8416239	8089672	0.961	6209816	0.738	2876376	0.342	2941940	0.35
B65	15002896	13085124	0.872	11329528	0.755	6396338	0.426	2578321	0.172
B24	19495969	17303736	0.888	14657987	0.752	8326227	0.427	4188676	0.215
A12	10596047	10172185	0.96	8100632	0.764	4390008	0.414	3292690	0.311
A3	10355205	9961537	0.962	7795911	0.753	3397137	0.328	3526388	0.341
A54	8786541	8480768	0.965	6682893	0.761	3380441	0.385	2821378	0.321
A33	8305051	7972343	0.96	6335491	0.763	2957614	0.356	2557237	0.308
A68	8770293	8480527	0.967	6703351	0.764	3250058	0.371	2771174	0.316
B19	26934413	23089266	0.857	19970379	0.741	10063969	0.374	4947068	0.184
A18	16920725	14480398	0.856	11280215	0.667	2666372	0.158	5258647	0.311
A32	6517970	6351910	0.975	5031264	0.772	2634068	0.404	2028549	0.311
A74	11276020	10733357	0.952	8539883	0.757	3812623	0.338	3517554	0.312
B21	21456927	18551572	0.865	15576511	0.726	9244800	0.431	4659992	0.217
C14	44201376	30160176	0.682	26442178	0.598	16104545	0.364	6045500	0.137
B2	21200290	18460276	0.871	15646109	0.738	8077081	0.381	4547202	0.214
A58	10740179	10344423	0.963	8127589	0.757	4029580	0.375	3453070	0.322
B47	25573565	21446585	0.839	17880998	0.699	9950711	0.389	5851946	0.229
B27	20524215	17889243	0.872	15271938	0.744	8641103	0.421	4132547	0.201
C23	17411274	12876573	0.74	11281079	0.648	7149396	0.411	2430966	0.14
A22	11169917	10539142	0.944	8021996	0.718	3812828	0.341	4107152	0.368
A30	11910444	11329900	0.951	8684633	0.729	4312004	0.362	4230720	0.355
A7	11168651	10600758	0.949	8286077	0.742	3938239	0.353	3733500	0.334
B66	15645609	13809091	0.883	11941718	0.763	7119420	0.455	2746281	0.176
A19	12245287	11774211	0.962	9210182	0.752	7840110	0.64	4160873	0.34
A15	10897687	10200454	0.936	7877842	0.723	3581023	0.329	3628603	0.333
A53	9586861	9197790	0.959	7244609	0.756	3147500	0.328	3019897	0.315
B55	19302075	16515282	0.856	14013718	0.726	7627229	0.395	3898532	0.202
A77	10777202	10348399	0.96	8058798	0.748	3521277	0.327	3554306	0.33
A73	10804958	10325497	0.956	8187912	0.758	3810333	0.353	3388102	0.314
B41	18920345	16420323	0.868	14043301	0.742	8359916	0.442	3725679	0.197
A70	10447204	10036906	0.961	7732813	0.74	3577998	0.342	3670069	0.351
B33	18000050	15894360	0.883	13753986	0.764	7461953	0.415	3087865	0.172
B53	20058899	17441270	0.87	14671909	0.731	7901563	0.394	4403134	0.22
B34	19093739	16836455	0.882	14395565	0.754	8113697	0.425	3765442	0.197
A28	10063798	9691369	0.963	7540462	0.749	3477821	0.346	3477901	0.346
B38	19898999	16831084	0.846	14492290	0.728	7685776	0.386	3658080	0.184
A20	11118707	10428965	0.938	8023347	0.722	3343329	0.301	3681779	0.331
C22	18773145	13759670	0.733	12203652	0.65	7401442	0.394	2606254	0.139
B16	17315193	15370393	0.888	13268302	0.766	8746926	0.505	3074055	0.178
B49	23157041	20246934	0.874	16866600	0.728	9266983	0.4	5448489	0.235
A40	10467365	10048204	0.96	7930542	0.758	4322233	0.413	3335773	0.319
C32	19278984	14013798	0.727	12377783	0.642	7331891	0.38	2554822	0.133
C28	16987295	12484231	0.735	11122217	0.655	6863631	0.404	2227292	0.131
A38	10766031	10226256	0.95	8080979	0.751	3466712	0.322	3414620	0.317
B46	17216117	15257129	0.886	13071150	0.759	8591453	0.499	3242660	0.188
B42	22369341	19004760	0.85	16137758	0.721	8953921	0.4	4530519	0.203
C18	20957319	14656821	0.699	12394643	0.591	7668974	0.366	3894583	0.186
B32	14977265	13533609	0.904	11599492	0.774	7966146	0.532	2743259	0.183
C8	39701722	26839894	0.676	23355648	0.588	14095581	0.355	5726482	0.144
B63	12878582	11394537	0.885	9858353	0.765	5855425	0.455	2231090	0.173
B78	20767948	17306474	0.833	14816234	0.713	7945612	0.383	3849780	0.185
C15	33037338	22770733	0.689	20142360	0.61	12027983	0.364	3973926	0.12
B56	19590144	17089076	0.872	14566802	0.744	8831060	0.451	3838225	0.196
C25	18833862	13796826	0.733	12103531	0.643	7439564	0.395	2857979	0.152
C17	18815061	12746670	0.677	10772049	0.573	5815284	0.309	3273033	0.174
B73	21081962	18032928	0.855	15234342	0.723	8209026	0.389	4473871	0.212
B13	21484732	18660726	0.869	15448731	0.719	8486668	0.395	4970367	0.231
A52	12186116	11476409	0.942	9118485	0.748	7104473	0.583	3757282	0.308
B52	18938163	16740071	0.884	14336321	0.757	8012719	0.423	3592102	0.19
C19	17389457	12493797	0.718	11154681	0.641	7496951	0.431	2133443	0.123
A61	12815833	12192969	0.951	9555330	0.746	3854669	0.301	4291075	0.335
A76	12397268	11777266	0.95	9168911	0.74	4235735	0.342	4103716	0.331
A35	9798562	9459044	0.965	7459748	0.761	3649439	0.372	3158111	0.322
B62	22584351	19208398	0.851	16013526	0.709	7770476	0.344	5313435	0.235
C10	49997272	33562846	0.671	29632313	0.593	16668893	0.333	6581617	0.132
A50	13244356	12649917	0.955	9656759	0.729	4429684	0.334	4886585	0.369
A63	9357294	9031478	0.965	6976181	0.746	3224778	0.345	3299144	0.353
A24	9535787	9106230	0.955	6949370	0.729	3164200	0.332	3473088	0.364
B7	21890068	18815186	0.86	16243461	0.742	9154066	0.418	3907590	0.179
A23	8726485	8212220	0.941	6373705	0.73	2940937	0.337	2941526	0.337
B6	17139997	15015342	0.876	13100568	0.764	7478189	0.436	2807573	0.164
A21	12973495	12430274	0.958	9509219	0.733	4104875	0.316	4760829	0.367
B30	18865231	16798448	0.89	14433199	0.765	8709593	0.462	3513861	0.186
A72	11258934	10691578	0.95	8446311	0.75	3836779	0.341	3555405	0.316
B40	22184615	19112445	0.862	16200445	0.73	8213459	0.37	4785923	0.216
A71	11160459	10745513	0.963	8374175	0.75	3772594	0.338	3786215	0.339
B3	19056638	16703277	0.877	14309412	0.751	7661642	0.402	3803191	0.2
B35	18261118	16051978	0.879	13710922	0.751	7665169	0.42	3642337	0.199
B18	20736682	18087472	0.872	15435996	0.744	9066029	0.437	4097634	0.198
B79	24054675	20696482	0.86	17573334	0.731	10794681	0.449	4841240	0.201
B5	18842141	16513106	0.876	14280133	0.758	9235997	0.49	3340187	0.177
C11	34869963	24816228	0.712	22195061	0.637	14255537	0.409	4198107	0.12
A29	9024863	8727275	0.967	6829790	0.757	3103608	0.344	3021014	0.335
C3	36772991	25910732	0.705	22660397	0.616	14765896	0.402	5242212	0.143
B23	20206794	17634711	0.873	15172181	0.751	8520174	0.422	3738179	0.185
C21	22478788	16359900	0.728	13998116	0.623	8087023	0.36	4073455	0.181
A55	11528010	11016547	0.956	8495035	0.737	3873472	0.336	4105617	0.356
B1	25493155	22158193	0.869	18434194	0.723	15720337	0.617	6218047	0.244
A2	8949746	8288084	0.926	6757569	0.755	3095656	0.346	2403742	0.269
C1	38246887	26880167	0.703	23810861	0.623	14849587	0.388	4786885	0.125
A64	8417715	8131691	0.966	6397117	0.76	3214983	0.382	2721795	0.323
A75	11368224	10892977	0.958	8346099	0.734	4220997	0.371	4150661	0.365
A8	8801829	8357109	0.949	6515765	0.74	3154115	0.358	2911201	0.331
B70	19110191	16657612	0.872	14087497	0.737	7736343	0.405	4041098	0.211
A13	10607573	10216640	0.963	8014722	0.756	3871481	0.365	3445493	0.325
B76	27916528	22825349	0.818	18578328	0.665	9473248	0.339	7078895	0.254
B22	20683578	17850151	0.863	15212859	0.736	8409240	0.407	4049168	0.196
B8	19445902	17210219	0.885	14990156	0.771	9315512	0.479	3326731	0.171
A79	12030804	11522390	0.958	9094999	0.756	4114314	0.342	3872762	0.322
A69	5719538	5587610	0.977	4422464	0.773	2118913	0.37	1725464	0.302
C27	18484457	13721040	0.742	12118511	0.656	8203579	0.444	2607320	0.141
B57	19609677	17213958	0.878	14641659	0.747	7932835	0.405	4028184	0.205
B29	15543242	13460117	0.866	11538817	0.742	6505376	0.419	2855784	0.184
A6	9571124	9062705	0.947	7184575	0.751	3381853	0.353	2944215	0.308
A4	9804440	9248108	0.943	7438854	0.759	3338715	0.341	2831728	0.289
A62	10866132	10407389	0.958	8046689	0.741	3540046	0.326	3842362	0.354
B67	18500715	15929290	0.861	13834311	0.748	4120255	0.223	1452781	0.079
B10	24356429	21064687	0.865	18114485	0.744	9853439	0.405	4702469	0.193
A26	9176478	8835790	0.963	6792724	0.74	3298339	0.359	3273289	0.357
B12	15067028	13360354	0.887	11366238	0.754	5502333	0.365	2201256	0.146
A37	10237443	9851217	0.962	7949832	0.777	3755509	0.367	2970834	0.29
A46	13327829	12485551	0.937	9464563	0.71	4433610	0.333	4944818	0.371
B26	22525820	19324230	0.858	16718184	0.742	8854559	0.393	4109978	0.182
C16	41291389	28231401	0.684	24804425	0.601	15324519	0.371	5596087	0.136
B37	16753707	14734893	0.88	12719454	0.759	7472308	0.446	3062307	0.183
C12	39720235	27889536	0.702	24780343	0.624	15667107	0.394	4885916	0.123
B45	14188187	12415951	0.875	10624673	0.749	6436917	0.454	2696280	0.19
A67	11757936	11153729	0.949	8641744	0.735	3786088	0.322	4077005	0.347
A48	11983145	11323822	0.945	8962192	0.748	4234000	0.353	3808986	0.318
A65	10792639	10220330	0.947	8060874	0.747	3608786	0.334	3423557	0.317
B74	26064132	21876360	0.839	18688308	0.717	10348874	0.397	5014643	0.192
A10	10202758	9847546	0.965	7867708	0.771	3922185	0.384	3136358	0.307
B59	23443279	20226167	0.863	16916080	0.722	14725172	0.628	5417709	0.231
A14	10705494	10327055	0.965	8019441	0.749	3811658	0.356	3572495	0.334
A57	9572247	9208529	0.962	7122522	0.744	3583880	0.374	3215107	0.336
A51	7271988	7031867	0.967	5461110	0.751	2667471	0.367	2497620	0.343
A45	8849547	8475522	0.958	6532628	0.738	3103356	0.351	3087960	0.349
A31	10132766	9743682	0.962	7686324	0.759	3465315	0.342	3311315	0.327
B72	21903491	18574344	0.848	15778664	0.72	8311285	0.379	4439662	0.203
B68	20361520	18198526	0.894	16464273	0.809	8809894	0.433	2747011	0.135
B28	18904692	16393929	0.867	14018926	0.742	7424387	0.393	3808685	0.201
