SRR1927149	SRR1929408	SRR1929484	SRR1929485	SRR1929563	SRR1929574	SRR1930121	SRR1930122	SRR1930123	SRR1930128	SRR1930132	SRR1930133	SRR1930134	SRR1930136	SRR1930138	SRR1930140	SRR1930141	SRR1930142	SRR1930143	SRR1930144	SRR1930145	SRR1930149	SRR1930176	SRR1930177	SRR1930179	SRR1930187	SRR1930244
Monjiviricetes	2	4	3	0	4	1	1	0	4	0	0	0	0	0	0	0	3	1	2	4	1	2	0	0	0	0	0
Ellioviricetes	6	9	2	1	2	0	2	0	1	8	1	0	7	1	1	3	4	0	0	0	6	1	0	0	1	0	0
Insthoviricetes	0	0	0	0	0	0	0	0	2	0	0	0	0	4	0	0	0	0	0	3	0	0	1	0	0	0	0
Mammalia	3276	3352	985	569	1549	1342	2652	1462	3406	1409	471	475	2308	920	552	662	3015	654	856	383	1690	582	364	576	343	823	1055
Chytridiomycetes	361	398	73	52	167	142	421	123	403	101	49	79	236	74	34	59	381	97	60	57	171	38	24	30	12	60	80
Monoblepharidomycetes	29	52	4	8	18	6	32	11	39	7	7	6	17	14	7	7	52	17	11	11	6	5	2	6	3	6	9
Neocallimastigomycetes	681	777	329	191	446	416	336	609	565	450	97	65	472	268	65	177	626	72	141	61	333	178	93	167	75	218	237
Blastocladiomycetes	26	55	16	9	13	21	73	11	94	17	3	27	12	5	3	8	73	33	7	10	11	27	0	9	2	3	21
Glomeromycetes	8128	8841	3402	1898	4576	3544	5618	5119	7339	5104	1311	880	5878	2833	1115	1926	7091	1076	2026	814	4470	1292	1110	1743	1153	2233	2598
Endogonomycetes	0	35	4	5	6	5	23	5	32	5	1	4	2	5	1	3	12	1	1	4	6	3	1	0	0	6	6
Mucoromycetes	2913	2667	945	580	1968	1127	2840	1866	2886	1451	275	365	2414	1088	355	590	2831	397	434	294	1205	499	303	494	338	1185	764
Mortierellomycetes	110	224	64	51	109	103	286	48	268	95	61	20	122	85	117	56	264	105	163	20	97	44	13	75	15	13	62
Zoopagomycetes	106	167	33	15	81	49	280	42	242	31	10	34	41	34	21	10	141	57	29	16	61	20	9	14	5	12	36
Kickxellomycetes	18	44	24	9	18	10	45	6	106	6	3	4	13	6	2	2	115	11	6	3	14	3	0	6	2	2	4
Dimargaritomycetes	28	68	18	6	16	23	49	8	23	22	7	6	21	5	5	6	44	12	5	7	23	6	3	6	0	1	19
Harpellomycetes	1448	1613	622	342	995	683	1241	751	1386	826	197	142	1054	501	178	352	1381	201	346	157	807	267	196	333	178	404	468
Entomophthoromycetes	854	866	311	158	521	374	923	396	981	500	163	155	609	259	123	203	840	149	194	98	493	164	94	148	126	187	253
Schizosaccharomycetes	41	73	28	16	35	28	59	20	115	65	10	9	37	21	5	29	82	12	9	7	28	32	4	19	6	35	19
Taphrinomycetes	109	102	27	11	36	61	157	90	94	26	7	7	80	10	19	11	113	41	22	24	32	21	4	11	17	9	19
Neolectomycetes	1	25	17	3	8	4	17	9	25	4	2	4	3	3	2	7	56	2	2	8	1	9	2	8	1	1	2
Saccharomycetes	13197	15140	4533	2564	7463	5650	13884	6272	15116	7017	2080	2143	9442	3929	1937	3121	14297	2828	3007	1525	7461	2094	1354	2699	1314	2573	3878
Pezizomycetes	824	1262	343	217	747	610	1813	517	1514	573	143	250	635	396	157	278	1295	284	254	172	654	211	91	176	99	187	345
Orbiliomycetes	416	709	238	129	288	315	494	487	736	397	97	102	418	242	140	148	684	167	263	71	349	108	37	129	50	202	162
Eurotiomycetes	5584	8518	2654	1484	4328	3124	8766	2829	8395	3821	1062	1406	4234	2331	1169	1668	8218	2047	1777	1037	3524	1269	763	1254	644	1314	2125
Lecanoromycetes	640	619	202	117	388	273	653	224	560	365	65	122	424	187	80	145	734	149	138	77	321	102	49	92	71	113	169
Geoglossomycetes	1911	3305	720	381	1422	973	4984	1237	4496	1048	396	1282	1450	757	669	703	4407	1986	640	746	1206	546	157	416	188	467	705
Xylonomycetes	18	51	19	6	21	19	54	20	55	14	3	14	14	25	7	11	38	14	4	4	13	10	3	4	3	5	15
Arthoniomycetes	99	38	6	8	27	7	59	10	74	5	7	5	64	11	11	9	98	14	8	7	13	4	1	5	1	9	5
Dothideomycetes	5765	8176	1887	1025	3900	3632	10866	2517	9297	3796	1143	1793	3572	2013	1138	1547	9513	2423	1907	1046	4622	1148	449	1550	597	1029	1521
Leotiomycetes	5579	6174	2039	1236	3436	2889	5682	3091	6602	3496	893	1032	4015	1942	935	1529	5984	1262	1589	746	3876	1158	471	1271	727	1437	1833
Sordariomycetes	22789	35522	9396	5747	15096	11861	35315	12672	33893	13432	3894	7922	17080	7722	4594	6408	36037	11421	6272	4641	14165	4849	1906	4670	2410	5049	7403
Laboulbeniomycetes	17	16	5	6	10	5	26	4	26	4	1	1	22	2	3	3	10	3	6	0	6	3	0	2	0	4	0
Tremellomycetes	1214	2546	426	235	1252	634	3634	492	2875	603	193	548	816	323	285	263	3470	835	347	280	723	289	76	186	112	146	338
Agaricomycetes	5484	13081	2861	1799	4309	3634	11648	3338	11528	3869	1148	2295	4297	1983	1598	1922	10829	3150	1937	1388	4397	1265	508	1400	843	1343	1953
Dacrymycetes	63	86	20	7	34	19	119	29	105	15	14	24	32	17	6	8	63	33	9	8	26	12	1	14	19	4	12
Agaricostilbomycetes	6	14	2	1	4	3	15	0	16	3	1	7	1	1	1	23	55	8	3	1	1	0	0	7	0	1	4
Microbotryomycetes	161	366	69	44	174	128	665	90	504	63	28	121	136	71	80	33	377	281	56	108	164	65	7	30	12	45	73
Pucciniomycetes	6356	7565	2640	1568	3858	2975	5240	3035	6525	3944	997	880	4662	2165	892	1635	6341	1043	1557	606	3685	1190	695	1482	821	1828	1826
Cystobasidiomycetes	266	161	34	21	65	31	213	45	136	48	19	41	160	19	28	14	137	43	18	27	56	25	4	23	5	12	22
Mixiomycetes	5	4	1	1	4	0	8	9	17	1	0	2	3	8	2	1	1	0	0	2	1	0	0	1	0	0	0
Ustilaginomycetes	167	415	74	39	259	136	1007	150	664	87	31	156	214	84	87	71	483	318	109	68	159	65	17	61	44	71	63
Exobasidiomycetes	126	415	109	52	173	137	461	107	436	91	74	73	112	78	42	100	509	159	69	52	125	52	21	58	21	23	107
Malasseziomycetes	65	217	58	19	42	49	289	40	239	23	24	76	43	18	24	19	232	133	27	34	84	17	13	7	29	33	34
Wallemiomycetes	6	39	10	4	5	6	13	97	32	5	3	8	5	2	9	5	16	7	12	4	13	8	1	6	4	6	6
Geminibasidiomycetes	3	24	2	4	11	14	26	18	43	9	0	7	3	5	6	0	18	16	7	3	12	6	0	1	1	2	1
Gammaproteobacteria	677183	1220963	346864	168031	148329	97645	307716	372104	195160	232068	91531	133091	411543	34457	44479	69921	272084	93510	53812	15720	72695	11595	9015	39682	63416	85951	70924
Alphaproteobacteria	17030	104392	18825	11020	20138	7929	68536	17358	38249	12278	4942	20726	13746	10416	5047	7522	81010	16211	5196	4807	18713	3824	1258	4693	2963	3705	5882
Betaproteobacteria	10565	21216	4812	2843	6997	4045	25066	5832	22239	8857	3159	7727	6865	2436	2045	2756	26773	8437	2059	2307	9530	1273	512	1576	5794	1164	4371
Zetaproteobacteria	220	259	41	25	46	50	219	43	194	27	6	36	156	23	24	23	328	91	25	9	73	30	9	11	6	20	21
Oligoflexia	813	935	216	113	285	219	751	270	813	322	86	111	545	183	102	121	836	180	127	100	358	90	29	105	44	92	119
Acidithiobacillia	23	98	22	7	43	20	139	19	73	15	15	22	17	14	12	18	101	43	9	7	33	18	5	7	3	7	10
Candidatus Lambdaproteobacteria	3	22	2	2	5	1	8	3	20	7	0	1	1	4	2	2	11	5	3	1	3	0	0	0	0	1	0
Candidatus Muproteobacteria	8	33	9	3	12	10	75	2	39	2	1	19	13	3	6	2	52	36	10	10	12	2	1	2	0	1	5
Hydrogenophilalia	60	84	13	5	27	15	139	16	123	10	0	38	32	14	13	17	108	51	6	30	23	8	3	5	2	3	14
Deltaproteobacteria	3806	11515	2464	1247	3825	3408	20591	6440	10976	3071	724	9265	3388	2322	1760	1054	11877	9007	1560	2464	4782	1672	369	559	741	752	3266
Epsilonproteobacteria	4483	9571	2487	1297	1703	2734	3094	4751	9896	1550	1425	1286	3422	1584	1185	2090	20848	4488	1461	772	6749	2437	790	553	8358	911	3785
Fusobacteriia	5967	2988	955	554	1203	1014	2086	924	3185	1381	266	338	5608	726	274	575	2521	318	379	197	1128	266	228	409	215	457	10398
Nitrospira (203693)	341	736	156	107	202	178	800	182	709	115	71	136	247	97	72	106	693	221	95	88	236	56	31	84	44	71	121
Acidobacteriia	476	1732	331	177	643	445	2995	459	2036	303	123	736	457	259	287	192	2139	1125	267	366	562	208	62	94	80	100	251
Holophagae	28	103	27	6	33	15	157	25	79	10	3	67	30	12	6	11	97	69	14	19	19	8	2	2	3	3	14
Blastocatellia	129	145	43	20	44	39	169	65	168	43	15	29	100	21	44	28	214	89	49	47	66	25	6	13	5	13	16
Thermoanaerobaculia	3	22	3	4	0	4	15	3	13	2	2	4	1	0	0	4	15	4	2	0	2	0	0	0	0	0	0
Vicinamibacteria	6	15	0	1	4	11	38	6	37	4	1	10	3	2	4	3	35	14	0	2	12	0	0	2	0	1	3
Dictyoglomia	9	20	3	6	18	12	20	4	21	11	4	5	9	4	3	6	19	3	2	5	7	6	2	11	0	2	14
Endomicrobia	266	573	4	6	2	15	15	6	29	14	5	2	21	7	5	2	11	5	5	6	18	1	3	4	3	5	3
Elusimicrobia (641853)	6538	21874	5227	2632	164	419	348	1204	2332	75	510	46	3388	227	105	49	575	153	103	36	163	113	9	44	282	72	43
Aquificae (187857)	133	196	53	30	68	53	154	54	192	53	24	21	107	34	21	27	178	28	26	17	71	20	4	21	50	13	48
Thermotogae (188708)	406	774	218	125	269	256	547	199	778	264	93	113	375	147	94	100	686	122	118	104	391	80	55	81	60	136	252
Deferribacteres (68337)	160	300	100	58	74	116	198	111	237	101	27	40	133	49	27	55	273	37	41	41	86	36	17	52	34	42	43
Chrysiogenetes (118001)	2	17	6	2	4	9	32	9	19	3	2	4	9	5	6	3	40	15	7	11	14	2	4	1	4	4	7
Thermodesulfobacteria (67799)	85	59	17	11	19	12	41	21	35	16	4	18	48	15	3	5	47	10	5	9	24	11	7	12	6	12	18
Spirochaetia	118661	657596	141766	87264	169732	59315	279749	108887	139133	86112	46925	10024	134107	21299	10900	33966	327133	7783	14998	18767	127418	16787	82453	7369	80947	266057	499257
Synergistia	252	695	153	70	145	153	732	115	826	115	63	186	185	82	75	36	592	285	70	81	168	49	19	20	42	51	59
Calditrichae	53	29	4	4	10	7	44	11	29	4	1	7	34	8	5	8	40	10	4	2	31	1	1	1	2	6	6
Coprothermobacteria	2	6	0	0	0	0	2	1	1	0	0	1	0	0	0	0	3	6	6	1	6	1	0	0	0	0	0
Spartobacteria	55	150	30	19	52	50	270	43	206	15	10	66	48	14	27	14	161	116	23	37	54	24	3	21	2	3	35
Verrucomicrobiae	775	1644	340	163	550	645	2273	760	1784	344	122	512	640	257	236	161	1995	751	215	330	426	317	28	168	98	138	262
Opitutae	637	726	138	74	276	204	933	179	736	135	50	177	498	131	124	85	700	452	114	133	188	62	25	47	28	85	128
Methylacidiphilae	17	52	17	6	20	13	46	9	54	20	4	3	23	20	10	8	46	13	11	14	18	4	3	5	5	3	7
Kiritimatiellae	3	6	2	1	0	2	6	0	5	0	0	3	2	0	0	11	68	15	0	2	1	1	0	0	0	0	0
Planctomycetia	543	1297	265	138	571	461	2236	286	1223	213	104	396	458	188	176	174	1361	603	157	318	351	143	36	94	53	96	223
Phycisphaerae	164	502	113	46	166	168	672	179	555	93	37	181	171	101	84	57	690	280	52	100	159	47	12	57	37	18	86
Candidatus Brocadiae	100	88	20	18	26	24	45	17	48	13	8	4	63	7	8	2	33	10	8	1	14	7	5	5	1	2	10
Chlamydiia	460	930	226	140	721	363	1781	344	1511	589	547	260	349	203	107	285	936	122	155	126	397	392	52	197	166	117	1079
Lentisphaeria	1191	8464	2096	960	331	1040	1668	1270	1157	1178	226	492	1760	49397	14648	243	18709	43556	15458	21090	898	839	143	42	296	316	10161
Fibrobacteria	824	1563	364	173	526	343	1611	333	1163	264	253	297	566	187	184	235	1373	441	184	189	435	346	68	163	122	178	227
Gemmatimonadetes (219685)	43	167	43	15	42	65	269	51	220	41	12	71	43	20	27	28	286	157	31	35	78	21	10	11	5	2	36
Bacilli	45888	120660	20919	20715	35987	25076	77005	59673	119019	35701	12941	11368	48992	26462	10897	12525	90342	14680	18287	30988	30131	11552	8753	22147	7325	14693	25633
Clostridia	1239847	5019443	1047589	599454	1558927	1521229	5195059	2124310	5335205	1507075	486761	1441235	1226958	650100	536465	886004	4526250	1293943	629332	506262	2472467	548780	169654	494473	165146	239691	1610430
Erysipelotrichia	29391	95916	29838	13730	89716	47529	141562	331428	319356	176258	10908	8099	40433	40472	18434	16400	72301	15361	33655	8605	58564	9015	3389	75001	15494	9904	32489
Negativicutes	108495	279072	63140	35659	133438	80606	449058	139188	310493	123996	21834	73090	112776	28134	51529	41068	354892	92204	62652	29465	100747	71524	9615	27121	13260	8558	22188
Limnochordia	4	20	3	2	11	6	52	10	47	8	2	18	2	6	8	0	53	34	2	5	13	2	0	0	0	0	10
Tissierellia	1626	2604	714	469	1001	837	1680	826	2352	900	166	421	1295	573	288	377	1925	331	402	225	1010	230	124	263	170	347	3272
Deinococci	182	428	78	29	171	104	906	127	494	76	30	291	145	60	96	37	568	467	66	100	102	43	14	15	6	19	64
Chthonomonadetes	29	84	15	6	21	21	86	29	52	12	5	10	27	20	16	4	89	16	6	20	12	13	2	6	0	4	15
Chloroflexia	50	220	50	21	79	47	330	65	177	49	15	67	35	31	31	22	239	109	25	41	75	21	5	21	19	6	32
Thermomicrobia	4	29	3	3	4	4	37	8	25	1	4	7	2	2	4	1	18	26	5	4	7	5	0	0	0	1	5
Anaerolineae	476	1298	252	141	426	350	1669	330	1420	302	82	431	365	203	178	131	1282	566	171	253	443	114	46	70	63	83	204
Dehalococcoidia	239	727	151	88	247	193	1032	167	757	136	43	217	232	132	96	61	628	370	121	129	313	75	36	44	32	57	113
Ktedonobacteria	56	125	21	19	76	55	211	53	165	43	17	37	31	30	25	11	185	41	25	19	54	23	7	14	8	8	24
Caldilineae	14	50	12	4	20	17	62	21	47	8	3	49	12	5	12	6	82	37	5	19	14	2	1	0	4	1	9
Ardenticatenia	3	20	3	1	7	7	16	5	24	2	0	13	2	1	2	2	22	5	3	4	8	1	1	0	0	2	3
Thermoflexia	3	12	2	0	6	7	27	2	24	0	0	4	4	3	3	1	15	7	1	6	5	0	0	0	0	0	3
Actinobacteria (1760)	8948	36627	5924	5102	8947	7213	45456	6741	30977	4584	2189	13759	9386	3314	4026	2688	32685	24268	3139	6461	7279	2207	1541	1118	1700	2736	5726
Acidimicrobiia	315	699	159	83	288	199	1460	238	1006	152	65	391	242	128	157	108	969	559	104	137	243	112	21	63	27	56	171
Rubrobacteria	17	31	4	6	8	14	93	17	55	7	3	35	20	16	21	3	175	60	25	17	11	1	0	0	2	3	6
Coriobacteriia	2402	36830	9079	3757	36980	5110	283815	21617	59991	13975	2774	35953	3416	6747	9676	4141	54853	70155	8150	8855	8395	5589	363	2350	820	407	4544
Nitriliruptoria	18	61	8	10	13	12	84	11	74	3	7	19	19	8	14	2	74	59	5	11	9	5	1	0	1	2	2
Thermoleophilia	36	141	24	12	23	26	183	34	205	18	15	81	30	20	22	16	199	148	13	20	37	5	3	4	2	1	20
Mollicutes	14195	44580	16765	9106	5979	1928	6044	2176	4121	1635	1831	1717	11626	5856	2551	1597	9027	1180	4048	490	9849	517	153	440	580	529	14048
Nitrospinia	44	115	23	4	29	26	126	33	80	17	6	35	40	12	3	25	72	32	8	23	27	4	4	11	7	15	22
Caldisericia	0	0	0	0	0	0	0	0	0	0	0	0	0	0	0	1	1	0	0	0	0	0	0	0	0	0	1
Candidatus Cryosericia	3	36	2	4	5	4	63	2	9	1	2	3	3	3	1	2	8	5	2	3	6	2	0	0	1	1	3
Candidatus Peribacteria	10	72	19	6	16	14	60	7	61	8	4	17	14	10	12	19	154	27	11	6	24	2	1	10	3	7	13
Flavobacteriia	11596	14284	3776	2148	7625	6043	16410	5474	16465	6333	2233	2433	7622	4693	2466	3647	16647	3208	3460	2435	6103	2326	1145	2597	1364	2925	3716
Sphingobacteriia	2359	3707	870	455	1810	1631	4578	1381	5124	1478	574	847	1611	1205	669	1420	5906	947	903	710	1606	618	260	723	409	636	934
Bacteroidia	1799620	5932396	1074389	695998	2496804	1761442	6465873	3286245	9902611	4525766	1652917	1301854	977110	1258568	596646	2869524	7956099	955819	712104	530506	2758950	458680	199194	1713918	1444461	397086	873703
Cytophagia	2439	4902	1125	586	2548	1883	7101	1758	5953	1660	758	1159	1757	1311	920	1174	6593	1566	1123	998	2013	784	282	825	451	620	1036
Chitinophagia	1677	2310	543	296	1213	896	3593	877	3162	782	325	542	1062	593	448	580	3122	761	509	492	1152	427	127	370	174	329	541
Saprospiria	224	355	94	47	396	218	1162	192	627	158	94	121	173	111	61	120	633	146	92	120	185	86	27	63	72	44	117
Chlorobia	97	282	46	37	111	99	348	94	287	60	25	55	82	31	44	35	324	99	54	44	106	42	10	28	29	28	53
Ignavibacteria	449	846	242	132	415	322	859	228	803	328	134	162	367	191	120	144	911	197	167	114	389	94	64	95	52	181	262
Rhodothermia	20	47	12	7	38	19	143	25	81	11	9	23	13	10	16	9	62	30	13	26	36	19	1	3	2	4	7
Balneolia	93	131	16	10	44	58	115	21	187	44	7	12	55	27	15	22	218	17	16	17	44	17	4	10	10	19	30
Gloeobacteria	3	25	8	4	8	7	53	5	37	4	5	25	5	2	9	3	55	19	8	11	12	3	0	2	1	1	5
Candidatus Riflemargulisbacteria	36	67	24	5	26	50	39	13	56	16	7	2	42	4	5	6	27	4	5	26	25	22	7	3	1	4	12
Candidatus Sericytochromatia	3	17	0	3	8	2	28	5	11	2	3	4	1	3	2	0	11	13	3	3	3	1	0	0	0	0	1
Candidatus Babeliae	5	11	3	2	28	10	22	0	11	7	2	3	9	2	1	1	16	0	2	3	6	2	0	2	1	0	4
Thermococci	104	131	25	21	45	69	149	37	164	22	16	33	73	25	32	20	136	43	26	27	42	22	3	6	2	7	22
Archaeoglobi	29	48	19	5	37	41	73	27	145	14	5	13	15	9	13	7	81	21	14	10	25	13	11	10	2	5	8
Methanopyri	2	0	0	0	1	1	3	1	2	2	0	3	0	0	0	0	4	1	0	0	0	0	0	0	0	0	1
Hadesarchaea	1	8	0	0	0	8	1	4	11	1	2	1	0	0	1	0	3	4	4	3	3	1	0	1	0	0	0
Candidatus Methanoliparia	3	7	1	0	0	0	7	2	3	2	0	4	3	1	0	0	4	2	0	0	1	2	1	5	1	0	0
Methanobacteria	8645	12364	4287	1987	4325	11633	5770	2792	24434	501	594	314	15473	4440	3161	312	4450	2331	5388	2671	3422	1715	2591	300	374	1436	3099
Methanococci	205	145	46	29	40	49	56	112	97	43	6	15	126	30	12	18	52	9	22	8	59	10	20	40	18	21	29
Thermoplasmata	8411	27308	4910	2284	919	4221	4201	169	36889	266	774	1147	8791	3721	3660	343	18319	13670	2641	5569	1213	179	21	21	597	450	2825
Candidatus Poseidoniia	390	444	130	48	139	175	397	123	522	107	41	60	267	99	53	80	429	113	82	48	161	57	15	42	18	127	90
Halobacteria	390	905	191	115	453	299	1962	282	1192	175	75	492	343	107	147	84	1216	896	115	211	260	98	37	46	25	29	168
Methanomicrobia	661	1387	293	162	438	597	1394	336	1788	275	107	1186	526	241	200	143	1219	449	241	282	415	185	51	117	71	203	319
Candidatus Methanofastidiosa	5	0	4	0	2	3	7	5	3	2	0	1	5	0	1	0	8	0	3	0	1	0	0	1	0	0	0
Nanohaloarchaea	3	3	2	4	1	4	7	1	9	0	1	3	1	0	0	0	8	5	4	1	1	0	0	1	0	0	2
Thermoprotei	191	277	92	44	135	131	393	119	234	99	17	35	99	58	40	55	248	63	42	27	74	26	17	12	17	19	41
Nitrososphaeria	35	101	31	18	31	17	92	38	64	84	9	15	26	18	8	9	82	19	20	16	57	11	3	8	16	5	18
Candidatus Methanomethylia	0	10	2	0	1	1	1	1	5	1	0	0	0	0	0	0	1	0	1	0	1	1	0	0	0	0	1
