SRR1927149	SRR1929408	SRR1929484	SRR1929485	SRR1929563	SRR1929574	SRR1930121	SRR1930122	SRR1930123	SRR1930128	SRR1930132	SRR1930133	SRR1930134	SRR1930136	SRR1930138	SRR1930140	SRR1930141	SRR1930142	SRR1930143	SRR1930144	SRR1930145	SRR1930149	SRR1930176	SRR1930177	SRR1930179	SRR1930187	SRR1930244
Negarnaviricota	8	13	5	1	6	1	3	0	7	8	1	0	7	5	1	3	7	1	2	7	7	3	1	0	1	0	0
Chordata	3276	3352	985	569	1549	1342	2652	1462	3406	1409	471	475	2308	920	552	662	3015	654	856	383	1690	582	364	576	343	823	1055
Chytridiomycota	1072	1227	406	251	631	565	789	744	1008	559	153	150	726	356	106	243	1060	186	212	129	510	221	119	203	90	284	326
Microsporidia	1073	1203	445	209	552	419	742	605	941	655	146	94	780	326	126	227	992	135	238	121	597	138	94	188	512	189	370
Blastocladiomycota	26	55	16	9	13	21	73	11	94	17	3	27	12	5	3	8	73	33	7	10	11	27	0	9	2	3	21
Cryptomycota	73	70	37	13	17	18	19	11	49	27	9	5	54	7	6	20	34	11	5	4	8	2	0	15	17	13	25
Mucoromycota	11151	11768	4416	2535	6660	4780	8768	7039	10526	6655	1649	1269	8417	4012	1589	2576	10198	1580	2626	1133	5780	1839	1428	2313	1507	3437	3430
Zoopagomycota	2455	2759	1009	531	1632	1140	2540	1203	2739	1386	380	342	1739	806	330	573	2522	430	581	281	1399	460	302	507	311	606	781
Ascomycota	57320	80087	22220	13018	37411	29586	83154	30117	81403	34245	9848	16164	41733	19707	10931	15700	81881	22733	15983	10155	36413	11630	5318	12378	6159	12514	18296
Basidiomycota	13924	24937	6307	3796	10194	7771	23341	7454	23123	8763	2533	4241	10486	4776	3062	4097	22535	6030	4153	2583	9449	2997	1344	3278	1913	3515	4442
Proteobacteria	715892	1393438	382787	187610	186764	116466	441757	411852	284323	259246	102162	173601	440952	52265	54804	84219	420570	132408	64440	26498	115607	21134	12057	47400	81596	93036	88665
Fusobacteria	5969	2994	956	557	1203	1015	2086	927	3188	1381	267	338	5609	726	274	576	2521	319	379	197	1128	266	228	409	215	457	10399
Nitrospirae	572	1245	290	157	339	307	1348	289	1168	229	121	278	439	185	131	154	1163	571	147	192	407	109	53	116	72	127	188
Acidobacteria	1219	3805	769	407	1398	1054	6335	1065	4397	687	266	1581	1121	566	647	473	4823	2442	594	795	1205	483	130	230	162	184	573
Dictyoglomi	9	20	3	6	18	12	20	4	21	11	4	5	9	4	3	6	19	3	2	5	7	6	2	11	0	2	14
Elusimicrobia (74152)	24070	60215	14367	7313	453	954	1352	17068	16550	289	1405	279	11177	550	633	342	4849	1223	620	178	411	276	46	154	3805	140	157
Aquificae (200783)	133	196	53	30	68	53	154	54	192	53	24	21	107	34	21	27	178	28	26	17	71	20	4	21	50	13	48
Thermotogae (200918)	409	777	219	125	270	257	550	205	788	267	93	115	376	147	94	100	695	128	120	106	393	81	55	81	60	136	253
Deferribacteres (200930)	160	300	100	58	74	116	198	111	237	101	27	40	133	49	27	55	273	37	41	41	86	36	17	52	34	42	43
Chrysiogenetes (200938)	2	17	6	2	4	9	32	9	19	3	2	4	9	5	6	3	40	15	7	11	14	2	4	1	4	4	7
Thermodesulfobacteria (200940)	85	59	17	11	19	12	41	21	35	16	4	18	48	15	3	5	47	10	5	9	24	11	7	12	6	12	18
Spirochaetes	118983	658066	141877	87321	169983	59452	280313	108998	139541	86173	46955	10127	134357	21368	10972	34003	327518	7945	15082	18855	127589	16858	82489	7403	80981	266152	499304
Synergistetes	265	717	157	73	146	155	749	120	844	118	64	186	194	84	79	39	619	294	80	85	174	52	20	21	44	53	60
Calditrichaeota	93	109	19	13	27	33	73	31	93	16	7	9	74	19	12	16	77	21	9	11	75	4	3	4	10	15	20
Coprothermobacterota	2	6	0	0	0	0	2	1	1	0	0	1	0	0	0	0	3	6	6	1	6	1	0	0	0	0	0
Candidatus Omnitrophica	375	525	137	72	198	186	579	201	536	167	33	133	252	102	65	74	472	154	90	120	164	101	25	48	25	95	93
Verrucomicrobia	2844	5705	1169	559	1545	1998	6611	1567	6732	806	308	1261	2534	655	783	404	5182	4037	683	1471	1317	679	130	300	188	386	785
Kiritimatiellaeota	58	15	5	4	7	22	41	2	26	2	0	4	26	2	1	14	81	20	2	6	5	4	0	1	3	1	1
Planctomycetes	1237	3132	700	344	1153	1080	4930	867	3640	607	247	1019	1139	508	498	394	3440	1665	426	732	935	343	120	233	199	246	591
Chlamydiae	462	934	227	140	722	369	1784	346	1520	592	547	261	352	203	108	287	945	123	155	131	401	392	52	198	166	117	1080
Lentisphaerae	1587	9428	2319	1086	547	1234	2601	1700	1787	1341	256	702	2332	49610	14832	262	19104	44692	15652	21444	1044	1016	159	53	303	381	10378
Candidatus Marinimicrobia	103	220	50	31	87	68	273	61	367	85	20	62	84	40	38	38	212	98	41	22	74	25	15	19	12	29	61
Fibrobacteres	841	1617	379	178	559	356	1724	485	1224	276	262	305	583	196	193	245	1486	460	198	204	467	366	71	168	123	182	240
Candidatus Latescibacteria	40	115	22	11	52	50	181	31	164	30	15	54	30	12	23	19	159	66	22	12	46	13	3	2	4	6	18
Gemmatimonadetes (142182)	225	745	159	80	278	220	1401	224	926	139	62	357	204	110	133	96	1047	630	137	221	249	92	20	35	24	12	147
Candidatus Hydrogenedentes	7	46	10	3	15	6	80	4	46	3	1	24	13	11	11	2	47	50	4	13	11	5	3	9	1	4	5
Candidatus Cloacimonetes	157	212	75	42	115	61	237	43	300	82	33	42	101	49	43	41	212	64	46	46	97	19	14	25	39	48	82
candidate division Zixibacteria	28	164	38	18	71	33	277	64	197	55	11	48	65	59	27	19	252	79	37	23	67	24	2	22	1	12	19
Candidatus Fermentibacteria	3	4	0	1	5	3	19	2	4	5	0	3	2	0	0	0	3	4	0	1	4	1	0	0	0	1	1
Candidatus Kryptonia	33	54	16	10	33	17	69	8	64	26	2	17	25	12	16	7	48	30	12	9	26	9	4	4	3	11	17
Firmicutes	1530132	5818105	1230977	707297	1875823	1812576	6053155	2753490	6358041	1940990	541221	1574334	1569980	820436	666834	976348	5314027	1503308	807396	625189	2742849	661893	203310	634566	214899	291299	1798849
Deinococcus-Thermus	182	428	78	29	171	104	906	127	494	76	30	291	145	60	96	37	568	467	66	100	102	43	14	15	6	19	64
Armatimonadetes	121	448	83	36	143	126	678	116	444	88	23	154	126	63	75	31	506	234	41	112	142	57	7	13	7	12	59
Chloroflexi	1529	4426	882	474	1613	1339	7078	1208	5083	963	309	1802	1346	725	716	455	5059	2615	642	944	1559	499	168	272	182	278	735
Actinobacteria (201174)	11800	74591	15244	8995	46335	12623	331494	28743	92640	18772	5063	50385	13182	10276	13953	6990	89294	95478	11477	15568	16045	7938	1933	3545	2560	3214	10510
Tenericutes	14509	44783	16835	9137	6062	2023	6189	2218	4376	1707	1850	1740	11834	5911	2569	1612	9155	1200	4078	505	9890	542	160	450	590	554	14083
Candidatus Eremiobacteraeota	72	229	49	21	77	48	382	50	216	47	12	90	70	19	47	25	263	206	25	53	66	34	13	7	5	10	24
Candidatus Dormibacteraeota	25	140	33	17	45	33	252	31	189	22	11	83	47	12	30	18	169	134	24	44	43	22	1	22	4	7	27
Nitrospinae	89	214	43	18	67	60	235	53	191	47	13	44	80	38	18	44	169	59	31	35	68	12	8	16	9	24	39
Candidatus Tectomicrobia	0	17	2	3	3	3	21	1	13	3	1	3	1	3	2	0	11	27	3	3	3	2	0	0	0	0	1
Caldiserica	38	42	9	7	6	9	15	5	58	17	2	4	20	7	2	1	47	9	3	4	9	5	1	3	1	2	3
Candidatus Cryosericota	3	36	2	4	5	4	63	2	9	1	2	3	3	3	1	2	8	5	2	3	6	2	0	0	1	1	3
Candidatus Bipolaricaulota	13	35	6	4	11	14	44	16	38	2	0	23	14	10	7	3	25	27	4	8	16	5	0	1	2	0	8
Candidatus Aminicenantes	90	202	61	41	75	78	265	62	220	69	10	75	60	34	39	29	239	117	53	41	64	20	11	22	11	13	27
Candidatus Atribacteria	61	104	30	18	52	55	103	31	145	57	9	20	52	50	9	20	100	28	26	15	53	8	13	14	11	25	20
Candidatus Saccharibacteria	536	604	143	90	223	144	612	123	771	117	30	68	464	84	131	49	595	158	131	88	308	82	56	31	14	66	72
Candidatus Sumerlaeota	16	21	4	0	15	28	50	6	24	3	4	8	10	16	1	3	18	5	1	10	7	3	0	0	0	2	11
Candidatus Poribacteria	164	318	65	52	141	76	278	66	177	176	23	51	118	58	27	37	264	45	31	48	85	31	10	26	22	64	55
candidate division WWE3	58	169	46	21	22	41	95	37	112	52	7	24	56	38	10	13	117	24	13	7	55	43	9	8	4	13	25
candidate division NC10	4	13	2	3	8	0	23	2	8	1	0	9	9	4	2	4	15	15	3	1	7	7	0	3	1	0	6
Candidatus Calescamantes	2	8	0	2	0	3	1	1	10	3	0	1	0	3	0	0	2	0	5	0	2	1	0	0	0	1	1
Candidatus Berkelbacteria	38	118	24	24	28	63	88	36	84	39	19	17	29	28	12	50	192	9	10	7	36	18	2	12	15	2	20
candidate division CPR1	5	0	1	0	2	4	31	2	1	1	1	0	3	0	1	0	1	0	1	0	0	0	0	0	0	1	2
candidate division CPR2	4	8	2	0	3	3	4	1	15	14	1	3	3	1	2	3	4	0	2	2	1	0	3	4	0	0	1
candidate division CPR3	16	15	4	0	4	0	5	7	13	6	0	1	10	0	2	1	11	2	0	3	9	0	0	3	0	2	5
Candidatus Peregrinibacteria	83	228	80	32	76	69	250	63	217	45	22	42	97	57	40	37	290	109	47	36	86	16	22	25	13	29	92
candidate division WOR-3	47	92	54	16	43	34	105	43	191	36	9	33	58	29	18	20	123	40	21	22	60	13	5	8	8	8	24
Candidatus Rokubacteria	61	326	64	28	106	75	607	79	422	40	22	227	67	41	57	26	438	332	35	88	103	23	6	13	8	5	50
Candidatus Dadabacteria	51	76	21	12	39	62	73	38	93	20	5	35	38	26	7	9	90	15	21	26	57	15	8	8	3	7	21
Candidatus Abawacabacteria	2	1	0	0	0	0	3	0	3	2	0	0	1	0	0	1	0	1	0	0	0	0	0	0	0	1	1
Candidatus Coatesbacteria	3	10	3	1	2	3	8	5	5	1	0	10	3	7	0	1	7	3	1	2	0	2	0	0	0	1	0
Candidatus Delongbacteria	9	26	7	3	6	11	26	3	29	2	3	1	8	6	6	7	26	5	6	3	13	2	1	2	0	1	2
Candidatus Doudnabacteria	14	47	14	6	13	18	22	14	47	9	3	13	21	2	6	3	38	17	1	6	15	2	3	2	9	3	2
Candidatus Edwardsbacteria	0	6	2	0	1	1	7	1	4	1	1	2	2	2	2	3	2	4	2	0	2	0	0	0	0	0	1
Candidatus Eisenbacteria	25	59	23	4	24	36	96	13	85	16	8	38	34	19	8	8	108	84	6	16	20	2	1	3	1	4	10
Candidatus Firestonebacteria	40	71	29	9	29	15	63	18	85	33	12	11	24	18	9	10	110	23	10	6	38	17	0	4	1	10	10
Candidatus Fischerbacteria	11	14	5	2	9	8	14	7	28	9	2	4	17	18	1	4	34	6	8	1	8	1	1	2	0	0	9
Candidatus Fraserbacteria	2	1	1	1	0	0	6	0	7	1	0	0	1	0	1	0	11	8	10	0	0	1	0	1	0	0	0
Candidatus Glassbacteria	0	0	0	0	0	0	2	0	2	0	0	0	0	0	0	0	4	0	0	0	1	1	0	0	0	1	1
Candidatus Handelsmanbacteria	3	14	3	0	8	5	36	2	26	3	1	14	2	0	11	0	32	50	1	3	3	4	0	0	0	0	7
Candidatus Lindowbacteria	7	15	5	1	4	1	24	4	12	0	1	9	3	8	4	1	19	10	0	7	4	1	0	0	1	1	2
Candidatus Raymondbacteria	13	47	15	5	13	6	49	2	27	6	2	12	10	8	1	0	22	14	1	4	13	9	1	0	0	7	4
Candidatus Riflebacteria	16	34	7	1	11	8	44	21	67	16	6	10	14	18	12	2	36	16	7	4	10	7	1	2	2	4	5
Candidatus Schekmanbacteria	54	139	49	25	23	35	40	38	81	28	22	15	36	31	8	10	60	9	16	5	22	16	2	6	10	4	12
Candidatus Wallbacteria	16	37	5	3	18	16	72	21	90	15	3	19	19	3	7	10	78	11	4	6	21	4	3	2	5	12	10
Candidatus Wirthbacteria	4	26	5	2	0	5	7	2	62	2	1	3	3	0	1	0	2	5	2	0	0	0	0	0	0	1	0
Candidatus Desantisbacteria	22	223	14	7	16	10	30	9	43	14	8	6	30	8	4	6	66	14	19	8	25	6	0	4	3	5	12
Candidatus Goldbacteria	87	22	0	3	1	5	12	7	10	18	0	3	55	8	1	5	47	4	1	3	12	2	2	0	3	12	0
candidate division FCPU426	25	94	28	7	18	17	69	99	60	18	1	11	26	21	11	14	68	22	8	21	19	7	2	5	3	4	3
Bacteroidetes	1821682	5963642	1082081	700187	2514119	1774899	6514249	3298081	9942125	4538319	1657685	1308292	991850	1268593	602736	2877937	8001493	965235	720157	536920	2774461	464022	201447	1719403	1447370	402568	881655
Chlorobi	115	337	58	44	141	121	396	111	411	85	29	61	108	58	52	43	359	113	63	59	113	47	10	34	32	39	59
Ignavibacteriae	532	1102	289	157	491	389	1135	290	1029	367	163	219	437	224	165	183	1161	279	211	175	470	129	72	125	82	243	300
Candidatus Kapabacteria	9	46	8	2	12	11	50	6	56	8	3	5	14	6	6	3	42	18	8	2	6	0	1	5	1	4	5
Rhodothermaeota	20	47	12	7	38	19	143	25	81	11	9	23	13	10	16	9	62	30	13	26	36	19	1	3	2	4	7
Balneolaeota	166	150	19	16	49	108	125	27	191	56	15	16	112	30	17	24	232	27	17	37	66	17	7	12	11	19	35
Cyanobacteria	7846	6210	1528	826	2833	3619	5942	3770	14913	41352	651	976	6862	2666	1174	2270	8149	1665	1769	678	12299	639	330	697	714	1954	1114
Candidatus Melainabacteria	17200	36556	4274	5267	16261	15613	24933	26973	52227	53709	4767	2189	16484	10640	1754	5009	18052	1494	3037	648	19542	2389	1125	6887	5135	2481	17226
Candidatus Margulisbacteria	48	79	26	8	45	67	95	17	82	25	8	6	56	5	7	8	37	10	10	28	33	30	11	5	1	6	13
Candidatus Gracilibacteria	41	219	71	26	43	30	27	142	136	106	28	3	41	53	5	5	44	8	7	2	55	29	7	9	10	10	15
Candidatus Microgenomates	5	22	2	1	2	2	2	3	2	1	3	2	1	0	0	1	20	2	0	0	0	0	0	1	0	0	1
Candidatus Curtissbacteria	26	84	12	9	15	29	33	70	74	19	1	8	20	8	10	10	60	13	7	10	31	3	1	4	3	12	6
Candidatus Daviesbacteria	56	95	27	14	23	24	56	32	67	15	1	10	31	15	5	11	110	7	7	10	36	6	7	15	3	11	5
Candidatus Levybacteria	83	214	111	69	84	49	169	52	124	77	78	12	48	44	24	16	158	24	22	18	146	15	9	24	8	16	48
Candidatus Gottesmanbacteria	32	58	31	12	25	15	67	41	74	63	5	12	23	13	11	4	56	18	15	10	25	9	5	5	6	8	7
Candidatus Shapirobacteria	39	124	22	19	38	17	93	6	106	12	9	10	22	13	2	23	56	9	4	4	42	11	17	4	3	8	4
Candidatus Woesebacteria	139	179	43	28	85	64	128	31	120	38	14	26	91	60	10	13	99	24	26	8	45	20	3	5	5	11	36
Candidatus Roizmanbacteria	253	275	28	34	62	36	249	48	272	50	41	14	188	43	25	19	191	27	26	18	52	12	19	19	5	22	22
Candidatus Pacebacteria	39	102	22	10	28	28	76	20	92	12	6	11	56	13	10	10	72	8	7	10	21	11	0	10	2	4	7
Candidatus Collierbacteria	18	48	8	6	13	10	90	6	56	4	2	2	10	5	11	5	38	18	8	1	16	21	2	9	2	2	12
Candidatus Beckwithbacteria	6	48	10	8	7	10	18	1	35	9	15	3	10	6	3	7	21	4	12	0	4	1	0	0	3	0	3
Candidatus Amesbacteria	1	15	7	0	8	3	41	3	31	0	1	0	2	15	3	2	7	3	5	2	3	0	0	1	17	0	3
Candidatus Blackburnbacteria	9	10	4	0	4	5	22	5	24	13	0	22	5	15	0	3	19	3	1	0	4	1	0	4	1	1	1
Candidatus Woykebacteria	11	43	4	3	23	11	41	6	47	12	3	3	10	13	2	7	24	18	8	9	40	4	0	1	5	18	7
Candidatus Chisholmbacteria	4	30	8	1	3	5	16	8	41	1	2	6	2	2	2	2	35	8	0	0	4	11	3	9	17	37	3
Candidatus Parcubacteria	42	55	70	10	16	9	18	15	37	17	3	3	24	37	4	9	58	2	5	3	54	32	1	9	6	29	24
Candidatus Campbellbacteria	6	30	18	6	13	4	35	6	32	4	3	7	11	2	0	3	26	2	4	3	5	7	3	8	13	5	9
Candidatus Falkowbacteria	109	181	72	28	54	53	111	41	148	43	14	20	68	42	13	30	141	33	38	16	32	15	7	52	11	15	34
Candidatus Nomurabacteria	278	219	53	36	115	57	163	49	194	117	13	19	222	36	14	87	146	27	17	10	109	64	8	16	8	20	99
Candidatus Magasanikbacteria	155	276	88	59	59	70	144	33	246	56	13	28	106	46	21	27	211	20	31	13	68	19	7	27	13	76	31
Candidatus Uhrbacteria	65	205	60	26	58	31	168	33	144	29	13	19	68	47	14	9	84	67	34	14	60	26	52	13	5	15	24
Candidatus Yanofskybacteria	19	98	27	15	56	40	142	17	90	18	11	26	20	36	9	21	98	11	17	14	35	10	0	14	2	6	23
Candidatus Kaiserbacteria	59	98	31	15	23	31	96	42	113	29	9	17	45	16	18	40	149	25	18	17	37	17	6	14	9	6	16
Candidatus Wolfebacteria	42	50	12	4	13	17	54	105	44	40	2	9	22	23	10	13	49	15	13	14	19	8	6	23	4	6	10
Candidatus Adlerbacteria	4	6	0	0	24	0	111	2	18	1	1	2	1	2	2	0	4	7	2	1	1	1	0	0	1	0	1
Candidatus Moranbacteria	187	361	79	88	134	82	272	69	237	227	24	47	144	98	30	28	237	48	46	82	147	68	20	17	70	29	90
Candidatus Giovannonibacteria	25	80	11	10	40	33	105	38	61	3	15	12	21	16	44	2	41	21	12	7	16	8	5	11	2	4	24
Candidatus Jorgensenbacteria	8	24	7	0	1	1	2	6	18	1	0	2	2	5	2	1	11	5	6	3	6	4	2	2	2	4	4
Candidatus Kuenenbacteria	15	38	14	7	9	6	18	16	12	16	2	7	15	3	3	5	24	1	4	0	8	1	2	4	0	0	4
Candidatus Azambacteria	15	25	8	3	7	119	19	12	66	3	1	2	7	1	1	1	19	8	5	3	6	0	0	2	2	41	8
Candidatus Andersenbacteria	5	13	3	3	7	5	14	2	14	3	2	3	3	1	1	2	10	1	0	0	10	5	2	0	0	3	2
Candidatus Brennerbacteria	1	3	0	0	4	0	4	9	0	2	6	0	1	0	0	0	3	0	1	0	0	0	0	3	0	0	1
Candidatus Buchananbacteria	29	65	10	4	20	18	36	10	56	17	0	10	27	13	5	10	39	10	3	6	14	2	1	5	7	5	4
Candidatus Colwellbacteria	6	17	5	2	5	3	5	6	98	0	2	1	10	4	1	0	12	3	0	0	3	1	0	0	0	0	2
Candidatus Harrisonbacteria	67	66	20	21	14	12	25	16	48	18	12	9	28	12	24	10	66	20	50	5	26	4	0	9	30	5	9
Candidatus Jacksonbacteria	3	8	3	0	0	3	3	1	2	2	0	2	3	1	0	0	5	0	0	0	4	6	0	0	0	0	2
Candidatus Kerfeldbacteria	14	44	7	6	43	23	109	13	27	19	4	4	15	11	9	11	37	8	8	9	9	6	4	4	7	16	7
Candidatus Komeilibacteria	12	25	8	5	10	10	24	3	36	13	2	10	10	8	3	2	12	7	7	4	30	10	1	7	0	7	7
Candidatus Liptonbacteria	2	13	3	4	15	12	34	3	11	0	0	2	7	3	0	1	34	8	2	4	4	2	0	0	1	2	3
Candidatus Lloydbacteria	9	32	1	2	2	4	15	8	7	3	4	0	9	3	2	0	15	5	0	1	2	0	0	0	1	0	1
Candidatus Nealsonbacteria	51	111	26	18	27	27	109	44	129	27	16	5	52	18	6	18	254	20	10	6	27	11	17	17	11	20	14
Candidatus Niyogibacteria	3	5	2	1	4	0	2	1	7	0	2	7	2	0	1	0	4	4	0	1	2	2	0	4	1	1	2
Candidatus Portnoybacteria	25	102	21	17	21	10	23	20	46	14	5	9	19	14	10	6	26	16	10	3	18	3	3	2	5	9	2
Candidatus Ryanbacteria	9	29	6	1	9	5	12	7	9	3	0	3	5	2	1	2	22	1	2	6	3	2	2	0	1	0	4
Candidatus Spechtbacteria	15	12	5	5	3	2	7	10	21	5	3	1	5	4	1	0	14	3	6	7	13	1	0	3	0	5	3
Candidatus Staskawiczbacteria	32	56	20	9	71	20	91	18	75	11	2	3	38	9	7	1	58	8	7	3	27	5	2	8	10	13	8
Candidatus Sungbacteria	16	49	12	3	10	21	63	8	52	26	2	15	20	6	8	10	53	8	7	7	13	3	11	1	4	2	9
Candidatus Tagabacteria	13	9	5	0	1	0	7	5	12	4	0	1	15	0	0	0	3	1	3	0	11	0	0	0	0	1	0
Candidatus Taylorbacteria	23	171	13	6	9	9	36	14	74	16	4	6	27	11	5	2	53	8	8	3	14	3	3	4	10	6	13
Candidatus Terrybacteria	6	24	4	5	6	2	12	8	7	1	0	2	5	0	4	4	34	9	8	6	15	1	1	0	0	2	1
Candidatus Veblenbacteria	0	2	1	1	0	2	1	0	3	0	0	0	2	0	1	2	6	0	0	0	1	0	0	0	0	0	1
Candidatus Vogelbacteria	6	19	1	2	31	9	52	9	40	6	2	16	12	7	3	1	24	7	3	10	10	3	1	5	5	0	6
Candidatus Wildermuthbacteria	16	34	10	5	12	6	45	6	23	6	1	7	13	4	6	1	27	4	41	3	0	0	0	1	0	1	1
Candidatus Yonathbacteria	7	10	1	1	1	10	12	11	16	2	2	1	7	11	3	1	13	4	1	5	34	2	16	0	4	2	1
Candidatus Zambryskibacteria	28	65	24	11	9	15	40	12	59	17	4	7	26	14	26	6	39	46	29	9	20	7	3	3	8	20	12
Euryarchaeota	18933	42928	9956	4674	6480	17196	14364	3923	65704	1466	1641	3326	25713	8738	7302	1088	26233	17656	8564	8880	5695	2306	2759	615	1193	2298	6644
Crenarchaeota	199	324	101	48	151	136	401	125	252	114	20	39	107	60	45	56	255	64	47	30	80	26	25	13	17	21	50
Candidatus Korarchaeota	6	2	2	1	1	4	5	5	7	4	0	3	5	6	0	1	10	1	0	0	2	1	0	2	1	0	1
Thaumarchaeota	167	401	106	54	143	133	343	106	281	144	28	70	152	79	40	65	388	77	53	48	155	47	19	40	29	40	66
Candidatus Bathyarchaeota	118	212	59	28	91	97	257	96	238	92	20	48	92	57	38	52	245	84	53	34	78	24	16	46	10	23	58
Candidatus Verstraetearchaeota	0	13	4	1	2	5	1	1	16	1	0	0	2	1	0	0	4	2	2	0	1	1	0	0	0	1	1
Candidatus Geothermarchaeota	1	3	2	0	1	1	6	0	3	2	1	1	0	1	3	0	0	3	0	2	0	0	1	1	0	0	0
Nanoarchaeota	7	0	1	0	8	1	3	0	2	1	0	1	6	2	1	0	3	0	1	0	22	0	0	5	0	1	0
Candidatus Aenigmarchaeota	23	21	3	1	18	30	33	3	37	9	4	1	20	5	7	3	28	3	2	1	9	3	1	2	3	5	7
Candidatus Diapherotrites	10	42	12	5	13	26	13	102	17	13	9	0	6	4	2	10	13	3	5	2	8	0	15	1	5	28	4
Candidatus Parvarchaeota	2	9	3	0	1	2	0	6	9	2	1	6	0	2	2	9	44	0	2	0	2	2	0	4	0	0	13
Candidatus Woesearchaeota	179	99	23	11	42	39	79	20	91	35	12	11	82	10	17	20	50	24	21	22	52	20	7	5	4	10	18
Candidatus Micrarchaeota	8	39	5	2	8	15	24	6	48	16	8	15	8	3	2	5	28	6	2	9	9	6	1	5	1	0	8
Candidatus Altiarchaeota	33	52	14	6	18	19	32	10	55	14	1	20	30	6	6	3	41	15	11	1	31	3	6	1	2	8	5
Candidatus Huberarchaea	0	0	0	0	0	0	0	0	1	46	0	0	1	0	0	0	0	0	0	0	0	0	0	0	0	0	0
Candidatus Lokiarchaeota	246	91	32	19	50	39	71	50	76	27	3	17	156	40	10	21	119	13	15	4	53	20	7	28	6	31	41
Candidatus Thorarchaeota	7	33	1	2	3	4	15	2	49	3	1	0	5	2	0	2	39	0	2	0	7	9	0	1	2	2	4
Candidatus Heimdallarchaeota	15	42	11	7	24	31	29	63	50	23	5	10	14	5	8	6	27	9	6	3	8	6	5	7	7	7	13
Candidatus Helarchaeota	1	9	2	1	4	4	3	4	8	1	0	0	2	7	2	1	7	1	2	7	6	1	0	0	0	1	24
