SRR1927149	SRR1929408	SRR1929484	SRR1929485	SRR1929563	SRR1929574	SRR1930121	SRR1930122	SRR1930123	SRR1930128	SRR1930132	SRR1930133	SRR1930134	SRR1930136	SRR1930138	SRR1930140	SRR1930141	SRR1930142	SRR1930143	SRR1930144	SRR1930145	SRR1930149	SRR1930176	SRR1930177	SRR1930179	SRR1930187	SRR1930244
Poxviridae	60	37	6	5	10	6	15	11	19	2	1	5	38	6	2	8	36	8	3	4	9	5	3	1	2	6	2
Baculoviridae	14	14	4	0	4	5	9	6	14	7	2	4	5	0	7	2	19	6	6	2	9	7	4	3	0	0	19
Fuselloviridae	0	0	0	0	0	0	0	0	7	0	0	0	0	0	0	0	0	0	0	0	0	0	0	0	0	0	0
Polydnaviridae	0	1	0	0	1	0	1	5	0	3	0	0	1	3	0	0	2	0	1	0	0	0	0	0	0	0	3
Iridoviridae	6	8	0	1	2	4	7	0	10	0	1	0	6	0	0	2	1	6	2	0	5	0	0	0	0	0	3
Phycodnaviridae	8	33	6	3	28	3	42	5	33	20	2	6	10	3	9	13	49	13	11	3	23	3	2	4	4	7	6
Adenoviridae	4	4	0	1	0	8	8	0	3	0	1	8	7	1	1	0	0	1	0	0	4	0	1	0	0	0	1
Tectiviridae	0	0	0	0	0	0	0	0	0	0	0	0	0	0	0	0	0	0	0	1	0	0	0	0	0	0	0
Parvoviridae	0	0	1	0	0	0	0	0	1	0	0	0	0	0	0	0	3	0	0	0	0	0	0	0	0	0	0
Geminiviridae	0	6	0	1	0	1	0	1	0	0	1	7	2	2	2	0	6	1	0	0	1	0	1	2	0	0	0
Microviridae	251	5264	272	212	1363	734	8322	468	7514	297	85	331	218	197	347	137	6237	360	168	104	288	44	21	266	47	116	197
Inoviridae	1	65	12	7	0	1	2	26	62	3	2	1	1	2	0	1	12	2	1	1	3	0	3	0	1	1	2
Myoviridae	577	39712	10967	4690	494	118	8998	3017	3321	2947	1387	12600	334	358	111	3362	9201	91	392	40	130	24820	19380	710	22	26	64
Siphoviridae	215	30548	15017	6782	793	175	2713	636	2441	174	4531	192	165	59	172	50	498	171	99	42	138	278	876	116	61	10	69
Podoviridae	3633	18188	5207	2355	142	939	224	4290	20691	3585	28779	470	2357	98	2029	4974	31706	849	3100	73	34198	986	130	168	3642	62	3071
Ackermannviridae	7	25	4	2	6	3	40	4	5	4	2	2	2	0	2	0	1	0	2	1	5	2	5	1	2	12	1
Herelleviridae	56	46	9	9	8	11	16	12	20	36	1	4	40	2	3	4	25	3	5	5	27	1	5	2	1	7	20
Circoviridae	2	8	0	0	1	0	2	0	13	0	0	0	5	0	2	0	1	1	1	0	1	1	0	0	0	0	1
Ascoviridae	0	3	1	1	0	1	0	0	0	0	0	0	0	0	0	0	0	2	2	1	0	0	0	0	0	0	0
Asfarviridae	1	2	0	0	0	0	0	0	0	0	0	0	1	0	0	0	0	0	0	0	7	0	0	0	0	0	0
Papillomaviridae	1	1	0	0	4	1	16	0	6	0	0	0	0	0	0	0	6	1	0	2	1	3	0	0	0	0	1
Polyomaviridae	0	0	0	0	1	0	1	1	0	0	0	0	0	6	0	1	7	1	0	0	0	0	0	0	0	0	0
Nimaviridae	0	0	0	0	0	0	0	0	0	0	0	0	0	0	0	0	0	1	0	1	0	0	0	0	0	0	0
Nanoviridae	0	0	0	0	0	0	0	0	0	0	0	1	1	1	0	0	0	0	0	0	0	0	0	0	0	0	0
Bicaudaviridae	0	0	0	0	0	0	0	4	2	0	0	0	0	0	0	2	8	0	0	1	0	0	0	0	0	0	0
Herpesviridae	3	11	5	1	4	6	7	1	28	3	1	4	3	8	4	4	7	8	4	5	0	1	0	0	1	1	2
Alloherpesviridae	5	1	1	0	0	0	4	0	18	0	0	0	2	0	0	0	3	0	0	0	0	0	0	0	0	0	0
Malacoherpesviridae	0	0	0	0	0	0	0	0	0	0	0	1	0	0	2	0	0	1	1	0	6	1	1	0	1	0	0
Mimiviridae	162	139	29	19	70	66	113	110	101	59	8	15	91	31	17	23	98	17	21	14	72	32	10	8	5	18	43
Anelloviridae	0	1	2	0	1	0	0	0	2	7	0	0	0	1	0	0	1	0	1	0	2	0	0	0	0	0	0
Marseilleviridae	3	0	0	0	1	1	7	0	3	0	0	1	1	1	0	0	3	1	1	1	2	0	0	0	0	0	0
Hytrosaviridae	0	0	0	0	0	0	0	0	0	0	0	0	3	6	1	0	1	4	4	0	0	0	0	0	0	0	0
Alphasatellitidae	0	0	0	0	1	0	0	0	1	0	0	0	0	0	0	0	0	0	0	0	0	0	0	0	0	0	0
Nudiviridae	1	0	0	0	1	1	0	0	1	0	0	0	0	1	2	0	0	0	3	0	24	1	0	0	0	0	0
Lipothrixviridae	0	0	0	0	0	0	0	0	0	0	0	0	0	0	0	0	0	0	1	0	0	0	0	0	0	0	1
Rudiviridae	0	0	0	0	0	1	1	1	4	0	0	0	0	0	0	0	0	0	1	0	0	1	0	0	0	0	0
Genomoviridae	0	19	0	1	0	0	0	0	1	0	0	0	1	0	0	0	0	0	0	0	0	0	0	0	0	0	0
Lavidaviridae	0	0	0	0	0	0	0	0	0	0	0	0	0	0	0	0	0	0	0	0	16	0	0	0	0	0	0
Tolecusatellitidae	0	0	0	0	0	1	0	0	0	0	0	0	0	0	0	0	0	0	0	0	0	0	0	0	0	0	0
Tristromaviridae	0	0	0	0	0	0	0	0	1	0	0	0	0	0	0	0	0	0	0	0	1	0	0	0	0	0	0
Retroviridae	0	0	0	0	0	0	0	52	3	1	0	0	2	1	1	0	0	0	0	0	1	4	0	0	1	0	0
Caulimoviridae	0	0	0	0	2	0	1	0	2	0	0	0	0	0	0	0	3	1	0	0	0	0	0	0	0	0	0
Smacoviridae	0	2	0	0	0	0	0	0	0	0	0	0	0	0	0	0	0	0	0	0	1	0	0	0	2	0	0
unclassified bacterial viruses	947	1174	154	116	2176	557	7491	25407	2699	118	63	453	1255	4165	293	509	14596	415	291	359	455	67	329	119	12	67	189
Cystoviridae	0	1	0	0	0	0	0	0	0	0	0	0	0	0	0	0	0	0	0	0	0	0	0	0	0	0	0
Reoviridae	8	12	5	2	2	9	2	3	13	6	0	0	2	1	1	4	7	4	0	5	4	1	7	0	2	1	0
Totiviridae	0	0	0	0	0	0	0	0	10	0	0	0	0	0	0	0	0	0	0	0	0	0	0	0	0	0	0
Partitiviridae	0	0	0	0	0	0	0	0	0	0	0	0	0	0	0	0	1	0	0	0	0	0	0	0	0	0	0
Togaviridae	0	0	0	0	0	0	0	0	0	0	0	0	0	0	1	0	0	0	0	0	1	0	0	0	0	0	0
Flaviviridae	0	0	0	0	0	0	0	0	0	0	0	0	0	9	0	0	0	0	0	0	0	1	0	0	1	1	0
Caliciviridae	0	0	0	0	0	1	0	8	0	0	0	5	0	0	0	0	0	0	0	0	0	0	0	0	0	1	0
Potyviridae	1	3	0	0	0	4	1	0	7	0	0	0	0	0	0	0	1	0	0	0	3	4	0	0	0	0	0
Closteroviridae	0	1	0	0	0	0	0	0	0	0	0	0	0	0	0	0	0	0	0	0	0	0	0	0	0	0	0
Coronaviridae	4	0	1	1	1	1	0	1	0	0	0	0	1	0	0	0	1	0	0	0	0	1	0	0	0	1	0
Tobaniviridae	0	0	0	0	0	0	0	0	0	0	0	0	0	0	0	0	0	0	0	0	1	0	0	0	0	0	0
Luteoviridae	0	2	0	0	0	0	1	0	2	0	0	0	0	0	0	0	1	1	0	0	0	0	0	0	0	0	0
Chrysoviridae	1	0	0	0	0	0	0	0	0	0	0	0	0	0	0	0	0	0	0	0	0	0	0	0	0	0	0
Picornaviridae	3	1	0	0	0	0	2	0	0	0	0	0	4	1	2	0	1	2	0	0	0	0	0	0	0	0	1
Dicistroviridae	46	0	0	0	0	0	0	0	0	0	0	0	11	0	0	0	1	0	0	0	0	0	0	0	0	0	0
Marnaviridae	1	0	0	0	2	0	7	0	3	0	0	2	2	0	0	0	2	0	0	0	1	1	0	0	0	0	4
Secoviridae	1	0	0	0	5	2	13	4	1	0	0	0	0	0	0	0	7	0	0	0	0	0	0	1	0	2	0
Iflaviridae	0	0	1	0	0	0	0	0	0	0	0	0	0	0	0	0	0	0	0	0	0	1	0	0	0	0	0
Polycipiviridae	0	0	0	0	1	0	0	0	1	0	0	0	0	0	0	0	0	0	0	0	0	0	0	0	0	1	0
Endornaviridae	0	0	0	0	0	0	0	0	0	0	0	0	0	0	1	0	0	0	1	0	0	0	0	0	0	0	0
Alphaflexiviridae	0	0	0	0	0	0	0	0	0	1	0	0	0	0	0	0	0	0	0	0	0	0	0	0	0	0	0
Betaflexiviridae	4	0	0	0	3	5	11	0	0	0	0	0	9	1	1	0	1	3	0	0	5	0	0	0	0	0	0
Paramyxoviridae	0	0	0	0	1	0	0	0	1	0	0	0	0	0	0	0	1	1	2	1	0	0	0	0	0	0	0
Pneumoviridae	0	0	1	0	0	0	0	0	0	0	0	0	0	0	0	0	0	0	0	0	0	0	0	0	0	0	0
Rhabdoviridae	2	4	2	0	3	1	1	0	3	0	0	0	0	0	0	0	2	0	0	3	1	1	0	0	0	0	0
Bornaviridae	0	0	0	0	0	0	0	0	0	0	0	0	0	0	0	0	0	0	0	0	0	1	0	0	0	0	0
Arenaviridae	0	0	1	0	0	0	0	0	0	1	0	0	0	0	0	0	0	0	0	0	0	0	0	0	0	0	0
Fimoviridae	0	8	1	1	0	0	0	0	0	0	1	0	1	0	0	0	0	0	0	0	0	0	0	0	1	0	0
Hantaviridae	2	0	0	0	0	0	0	0	0	0	0	0	2	0	0	0	1	0	0	0	0	0	0	0	0	0	0
Nairoviridae	0	0	0	0	0	0	0	0	0	0	0	0	0	0	1	0	0	0	0	0	0	0	0	0	0	0	0
Peribunyaviridae	1	0	0	0	2	0	1	0	1	0	0	0	2	1	0	0	0	0	0	0	5	1	0	0	0	0	0
Phenuiviridae	3	0	0	0	0	0	1	0	0	7	0	0	2	0	0	3	3	0	0	0	1	0	0	0	0	0	0
Tospoviridae	0	1	0	0	0	0	0	0	0	0	0	0	0	0	0	0	0	0	0	0	0	0	0	0	0	0	0
Orthomyxoviridae	0	0	0	0	0	0	0	0	2	0	0	0	0	4	0	0	0	0	0	3	0	0	1	0	0	0	0
Pithoviridae	45	6	3	0	1	0	2	9	4	21	5	3	15	0	1	9	35	0	1	0	2	0	0	5	1	0	0
Hominidae	3276	3352	985	569	1549	1342	2652	1462	3406	1409	471	475	2308	920	552	662	3015	654	856	383	1690	582	364	576	343	823	1055
Chytriomycetaceae	13	34	3	6	38	9	65	12	44	4	6	5	8	9	1	6	28	14	9	13	12	4	2	0	2	6	14
Spizellomycetaceae	12	45	7	6	12	6	15	15	26	11	4	2	16	6	4	4	29	4	6	3	25	6	1	4	0	6	10
Powellomycetaceae	45	28	7	4	3	10	31	18	58	20	2	3	28	8	3	7	35	6	4	8	10	3	0	0	2	10	9
Rhizophlyctidaceae	94	49	13	4	32	13	79	18	52	10	8	7	62	8	3	9	74	4	5	6	16	2	4	4	3	15	5
Caulochytriaceae	9	24	1	1	13	6	44	7	24	1	2	24	3	1	6	3	28	21	5	8	13	1	0	0	0	0	8
Synchytriaceae	88	32	2	1	7	24	20	3	45	6	4	5	48	6	5	1	31	6	11	2	17	5	3	2	1	9	8
Gonapodyaceae	29	52	4	8	18	6	32	11	39	7	7	6	17	14	7	7	52	17	11	11	6	5	2	6	3	6	9
Neocallimastigaceae	681	777	329	191	446	416	336	609	565	450	97	65	472	268	65	177	626	72	141	61	333	178	93	167	75	218	237
Enterocytozoonidae	96	147	55	26	59	46	130	140	134	50	13	17	72	38	15	18	95	36	32	23	84	21	9	31	407	36	42
Nosematidae	91	156	49	22	80	65	95	92	152	111	16	8	73	42	15	30	82	14	39	13	48	26	8	23	31	18	37
Unikaryonidae	1	9	1	0	10	1	12	0	17	6	0	2	4	5	4	0	4	3	1	2	8	1	0	2	0	0	0
Pleistophoridae	12	38	10	4	16	12	27	18	25	10	0	3	14	6	4	6	51	5	5	4	15	1	3	1	1	6	7
Culicosporidae	593	466	193	89	220	189	245	215	372	311	78	29	429	119	49	115	453	40	90	44	235	47	45	53	29	92	141
Amphiacanthidae	40	1	0	1	3	5	11	1	8	3	0	2	8	1	2	0	5	1	2	0	3	1	0	0	0	0	3
Tubulinosematidae	204	343	125	62	140	92	188	111	190	141	38	28	141	101	26	49	256	18	52	26	141	36	24	57	38	32	130
Blastocladiaceae	26	55	16	9	13	21	73	11	94	17	3	27	12	5	3	8	73	33	7	10	11	27	0	9	2	3	21
Glomeraceae	3584	4018	1475	814	1879	1433	2306	2284	3110	2092	583	345	2565	1196	412	857	2993	407	798	323	1992	581	462	729	493	1104	1121
Gigasporaceae	3504	4283	1705	957	2355	1893	2914	2301	3735	2622	636	472	2604	1442	634	889	3419	604	1105	452	2115	599	508	851	620	945	1290
Diversisporaceae	1039	538	221	125	342	217	398	532	492	389	91	62	709	194	68	179	678	64	121	38	362	111	139	162	39	183	185
Cunninghamellaceae	55	135	25	16	142	55	209	76	179	31	16	20	44	40	20	25	179	23	14	17	27	14	6	21	9	20	21
Lichtheimiaceae	110	74	21	15	100	56	316	64	89	74	7	12	85	20	11	12	148	31	24	12	42	15	7	22	7	30	44
Phycomycetaceae	114	142	56	36	134	85	220	131	155	99	13	22	70	71	24	48	277	30	33	10	105	20	9	45	11	15	39
Mucoraceae	717	378	102	64	185	129	344	99	325	110	38	29	576	125	38	95	524	68	46	29	158	36	25	56	52	195	58
Choanephoraceae	25	91	26	11	35	27	67	33	63	35	8	14	14	18	5	10	61	12	12	6	21	5	3	7	8	4	15
Rhizopodaceae	1890	1846	713	437	1369	773	1682	1463	2072	1099	193	267	1622	812	256	399	1639	232	305	219	851	408	253	342	250	920	585
Mortierellaceae	110	224	64	51	109	103	286	48	268	95	61	20	122	85	117	56	264	105	163	20	97	44	13	75	15	13	62
Zoopagaceae	24	58	10	11	38	27	130	21	78	14	7	10	17	22	8	6	48	21	16	8	21	10	8	7	4	6	26
Piptocephalidaceae	5	31	10	3	10	8	54	11	39	7	0	9	3	5	5	1	30	19	7	2	24	3	1	4	0	2	4
Sigmoideomycetaceae	14	25	7	1	28	9	59	4	25	9	1	11	12	5	7	3	33	12	6	4	10	5	0	0	1	1	6
Cochlonemataceae	63	52	6	0	5	5	36	6	99	1	2	4	9	2	1	0	29	5	0	2	6	2	0	3	0	3	0
Kickxellaceae	18	44	24	9	18	10	45	6	106	6	3	4	13	6	2	2	115	11	6	3	14	3	0	6	2	2	4
Dimargaritaceae	28	68	18	6	16	23	49	8	23	22	7	6	21	5	5	6	44	12	5	7	23	6	3	6	0	1	19
Legeriomycetaceae	1446	1611	622	342	994	682	1239	751	1383	826	197	142	1049	499	177	352	1376	197	339	157	803	267	196	333	178	404	468
Harpellaceae	2	2	0	0	1	1	2	0	3	0	0	0	5	2	1	0	5	4	7	0	4	0	0	0	0	0	0
Entomophthoraceae	768	761	266	128	428	313	823	350	843	451	140	139	539	226	99	172	750	134	164	88	361	149	88	122	116	158	218
Ancylistaceae	86	105	45	30	93	61	100	46	138	49	23	16	70	33	24	31	88	15	30	10	132	15	6	26	10	29	35
Schizosaccharomycetaceae	41	73	28	16	35	28	59	20	115	65	10	9	37	21	5	29	82	12	9	7	28	32	4	19	6	35	19
Taphrinaceae	109	102	27	11	36	61	157	90	94	26	7	7	80	10	19	11	113	41	22	24	32	21	4	11	17	9	19
Neolectaceae	1	25	17	3	8	4	17	9	25	4	2	4	3	3	2	7	56	2	2	8	1	9	2	8	1	1	2
Saccharomycetaceae	3512	4280	1151	653	1827	1274	2854	1579	3526	1470	695	666	2669	1015	394	930	3788	702	729	389	2152	656	230	630	357	466	999
Metschnikowiaceae	1549	1662	437	264	1258	764	2472	701	1656	834	183	279	1062	342	265	390	1663	397	358	298	902	241	230	317	141	254	389
Cephaloascaceae	46	64	26	9	14	22	31	20	75	30	13	13	27	13	7	29	96	4	10	2	15	8	9	9	26	13	14
Lipomycetaceae	91	140	37	20	47	46	179	63	105	99	7	24	65	37	19	17	102	40	16	23	50	19	12	12	9	35	28
Dipodascaceae	604	1034	310	150	379	334	836	284	1020	393	140	163	459	237	105	196	1036	185	173	89	354	89	104	157	89	139	161
Saccharomycodaceae	521	926	316	175	466	313	759	289	825	423	132	144	414	294	115	138	763	120	157	63	536	128	57	159	88	178	274
Saccharomycopsidaceae	400	431	134	86	193	134	365	237	445	236	50	51	250	112	52	80	346	55	94	27	182	55	63	74	36	93	82
Ascoideaceae	354	371	107	76	160	115	230	165	309	207	43	30	253	101	27	86	360	42	48	39	177	41	35	68	19	63	70
Phaffomycetaceae	685	880	281	152	436	417	957	435	948	428	138	111	499	281	115	182	920	189	193	78	459	155	89	201	71	135	264
Trichomonascaceae	393	352	68	45	361	171	725	161	494	121	36	60	287	94	61	68	505	84	79	36	238	49	16	63	24	35	86
Debaryomycetaceae	2002	1877	643	396	827	781	1713	1055	2664	1169	204	234	1367	505	371	393	1982	476	463	190	982	288	249	404	165	613	683
Pichiaceae	1829	1902	600	308	877	737	1469	769	1766	945	239	192	1263	604	261	285	1363	312	433	151	852	244	170	323	215	361	392
Trigonopsidaceae	273	266	88	52	105	123	167	103	183	114	23	36	199	44	19	59	236	22	43	21	99	23	23	23	21	44	41
Alloascoideaceae	120	110	48	22	50	38	77	54	129	138	20	8	90	36	16	36	148	13	15	10	65	15	4	42	27	30	53
Pezizaceae	27	50	11	10	173	23	506	23	100	41	3	11	27	9	8	7	46	22	8	6	27	12	3	6	10	8	23
Ascobolaceae	56	42	10	1	61	41	185	25	58	47	2	12	32	11	7	3	40	15	17	8	18	10	12	8	4	5	24
Morchellaceae	253	340	57	63	141	156	326	240	444	140	33	62	190	113	44	65	301	76	72	29	174	36	19	39	16	39	78
Tuberaceae	425	681	217	120	330	355	708	204	821	319	93	156	341	235	86	181	817	149	137	122	393	134	42	106	61	127	203
Ascodesmidaceae	13	66	20	10	19	16	27	8	39	7	6	3	16	12	8	8	18	10	9	6	9	5	1	1	1	1	10
Pyronemataceae	49	81	28	12	22	18	59	17	50	18	6	6	28	16	3	13	72	11	11	1	32	14	14	16	7	6	6
Orbiliaceae	416	709	238	129	288	315	494	487	736	397	97	102	418	242	140	148	684	167	263	71	349	108	37	129	50	202	162
Herpotrichiellaceae	249	748	159	103	437	285	1309	247	801	231	67	147	225	138	102	154	789	245	116	139	225	78	41	81	50	92	128
Trichomeriaceae	18	10	4	1	6	16	18	15	58	9	4	4	12	3	3	3	24	5	4	4	4	2	0	4	4	2	11
Cyphellophoraceae	10	12	2	2	10	9	19	13	32	16	0	4	5	1	1	7	34	3	1	3	12	3	1	2	0	3	3
Verrucariaceae	71	49	17	12	25	13	54	23	57	23	7	15	45	14	6	12	51	15	11	6	31	13	3	13	1	7	20
Phaeomoniellaceae	24	70	15	7	16	12	42	7	37	27	6	15	20	5	5	17	60	24	11	4	58	4	16	5	0	14	8
Trichocomaceae	478	669	224	129	184	217	393	169	434	254	85	103	328	155	111	155	592	152	194	72	249	100	30	93	68	81	147
Elaphomycetaceae	28	30	10	9	15	25	38	18	75	10	5	5	13	18	10	9	38	18	10	4	21	6	11	14	6	42	7
Aspergillaceae	2977	4432	1345	738	2358	1611	4616	1768	4569	1952	635	787	2091	1205	631	960	4425	1094	978	522	1857	705	312	706	381	740	1099
Thermoascaceae	494	712	297	172	400	286	436	43	493	354	36	41	468	238	42	38	516	64	117	55	242	23	182	25	14	19	269
Ascosphaeraceae	7	63	24	8	11	7	37	6	39	2	3	3	7	2	3	17	44	9	5	4	14	6	1	3	1	3	7
Onygenaceae	82	203	47	30	91	69	210	53	186	82	30	21	83	31	22	24	198	68	38	35	94	48	7	21	19	14	53
Arthrodermataceae	236	164	49	24	86	64	143	32	239	76	14	45	202	49	24	22	152	29	34	30	62	27	6	33	8	38	46
Ajellomycetaceae	506	827	295	165	448	355	893	271	821	536	109	109	416	322	121	150	716	174	162	92	393	180	114	189	66	133	139
Stictidaceae	10	21	1	1	8	12	29	7	5	2	2	5	9	10	6	3	24	7	13	9	12	1	0	0	0	0	4
Cladoniaceae	283	182	63	35	117	84	120	54	142	112	20	32	177	52	31	52	181	49	53	24	70	18	16	25	23	39	35
Ramalinaceae	18	45	6	6	11	17	45	11	22	25	7	8	13	9	0	8	60	5	5	9	18	8	1	4	2	2	8
Parmeliaceae	151	191	64	44	89	92	156	82	186	128	17	35	127	64	22	22	164	47	32	20	90	54	11	40	15	26	76
Cetradoniaceae	9	4	1	2	8	0	14	1	5	2	2	0	7	0	1	1	11	3	3	2	1	0	2	0	10	15	7
Teloschistaceae	120	91	47	20	77	41	91	39	72	62	13	17	60	35	3	40	204	8	18	4	59	9	7	18	17	12	28
Umbilicariaceae	48	82	19	9	77	27	197	30	126	33	4	25	30	17	17	18	88	30	14	9	70	12	12	5	4	19	10
Geoglossaceae	1911	3305	720	381	1422	973	4984	1237	4496	1048	396	1282	1450	757	669	703	4407	1986	640	746	1206	546	157	416	188	467	705
Xylonaceae	11	28	10	3	13	8	29	13	46	8	3	3	10	24	2	8	19	6	3	3	3	4	1	3	2	4	9
Symbiotaphrinaceae	7	23	9	3	8	11	25	7	9	6	0	11	4	1	5	3	19	8	1	1	10	6	2	1	1	1	6
Arthoniaceae	99	38	6	8	27	7	59	10	74	5	7	5	64	11	11	9	98	14	8	7	13	4	1	5	1	9	5
Patellariaceae	41	53	16	6	14	15	44	6	41	37	5	5	39	2	7	3	39	15	5	5	35	8	3	7	2	5	15
Zopfiaceae	476	462	201	104	293	241	401	250	306	298	85	62	374	185	74	131	455	63	151	33	389	80	37	76	48	90	129
Eremomycetaceae	8	9	1	1	3	4	26	0	24	2	0	6	4	2	3	2	14	7	1	3	6	4	1	2	0	3	3
Aulographaceae	13	30	7	8	15	15	58	4	23	12	6	14	14	5	24	3	52	42	19	4	22	7	0	2	1	1	8
Botryosphaeriaceae	341	646	136	72	248	168	767	190	673	198	93	178	232	163	105	90	608	287	130	74	193	85	19	50	124	133	124
Phyllostictaceae	34	61	15	10	20	14	68	18	52	13	7	28	39	9	6	25	113	19	11	18	32	9	2	4	0	7	13
Saccharataceae	8	26	4	0	12	6	57	0	95	5	0	11	12	12	4	2	32	9	9	11	9	5	0	1	0	1	2
Aplosporellaceae	19	30	6	3	10	14	31	22	97	18	3	13	14	6	6	3	47	9	2	4	25	6	1	11	3	3	8
Microthyriaceae	41	42	15	6	18	23	44	9	70	27	9	5	26	20	15	10	55	19	18	11	21	6	1	17	9	3	16
Trypetheliaceae	20	60	11	5	6	9	41	17	43	14	2	3	17	6	8	4	25	7	4	2	15	4	5	2	2	3	7
Acrospermaceae	12	53	11	4	4	4	11	10	32	4	7	4	16	0	1	11	51	1	6	3	12	2	2	2	2	7	0
Venturiaceae	344	555	193	87	265	208	611	247	636	310	65	126	251	134	79	145	591	147	124	112	239	126	34	114	33	65	148
Sympoventuriaceae	29	41	12	6	15	16	51	17	115	10	3	12	14	13	10	8	37	13	16	13	8	18	0	2	1	6	4
Phaeotrichaceae	6	14	4	1	5	8	34	8	25	4	0	6	1	5	5	2	19	4	6	3	5	3	0	0	2	3	1
Saccotheciaceae	175	193	50	19	76	65	265	58	264	70	22	30	85	48	37	59	312	81	29	49	109	35	11	21	6	18	31
Elsinoaceae	49	94	16	8	60	53	148	28	165	56	7	34	54	9	22	20	151	41	45	23	61	24	6	10	25	35	22
Myriangiaceae	9	19	3	3	6	4	24	4	14	8	1	6	7	8	3	4	37	2	4	3	4	3	1	0	3	2	4
Capnodiaceae	5	16	3	1	14	4	51	4	21	2	2	6	3	2	6	5	29	10	2	0	15	5	0	2	1	1	3
Mycosphaerellaceae	865	1198	276	145	567	409	1677	328	1413	349	148	271	599	181	163	216	1283	364	153	164	599	203	46	144	87	130	184
Piedraiaceae	3	3	4	0	7	10	22	9	39	4	0	2	3	1	5	7	9	20	9	2	11	0	0	3	0	0	2
Cladosporiaceae	947	983	22	11	25	812	1049	46	1110	916	13	38	86	10	17	26	1194	29	467	16	746	14	2	435	6	25	19
Teratosphaeriaceae	80	566	113	76	660	217	1295	105	263	201	259	114	64	495	35	47	393	94	32	31	159	47	109	49	13	56	84
Dissoconiaceae	33	72	9	13	13	33	54	28	71	19	14	10	19	19	7	15	72	27	11	7	27	10	3	9	2	7	6
Lophiostomataceae	102	39	10	5	30	43	82	19	32	22	5	13	59	15	10	11	116	22	12	13	21	7	2	7	6	5	19
Melanommataceae	25	103	28	10	27	23	89	35	100	25	16	14	18	13	11	10	60	31	13	5	15	6	2	7	2	9	17
Sporormiaceae	15	24	7	3	30	19	101	8	37	11	6	20	8	4	8	9	76	23	5	13	24	5	3	7	1	8	12
Pleomassariaceae	69	65	19	9	14	20	63	18	43	18	9	8	46	7	11	2	51	16	18	5	16	7	2	20	4	11	11
Diademaceae	7	23	4	7	5	16	27	11	40	7	3	12	10	2	4	6	41	8	6	4	8	1	6	3	2	1	5
Delitschiaceae	7	25	9	1	18	8	51	6	34	12	13	4	10	5	6	18	59	11	11	3	16	6	2	7	2	2	4
Corynesporascaceae	115	67	14	9	49	52	100	32	68	30	17	22	91	26	5	17	79	27	15	9	48	14	3	19	14	6	19
Dothidotthiaceae	14	61	20	5	19	8	53	15	31	16	2	2	15	4	5	10	23	10	7	4	10	4	0	7	1	4	6
Tetraplosphaeriaceae	7	22	6	2	8	3	31	3	38	4	3	3	10	1	3	4	18	9	1	4	12	2	0	0	0	1	2
Amniculicolaceae	11	56	17	16	22	13	44	15	44	15	2	9	15	10	3	3	20	11	5	5	42	7	0	2	0	5	3
Lindgomycetaceae	33	66	20	11	39	48	56	48	94	28	4	24	24	17	10	8	38	15	24	8	34	9	5	12	3	12	14
Lophiotremataceae	99	24	12	6	33	13	81	26	40	17	2	4	57	13	7	9	58	13	10	4	19	14	0	3	1	15	5
Phaeosphaeriaceae	155	245	62	32	113	74	285	90	323	120	28	69	131	76	48	72	342	70	52	30	98	48	11	30	16	29	76
Pleosporaceae	333	599	147	86	372	272	944	237	747	274	93	187	287	135	116	149	795	198	126	106	543	102	32	140	70	93	142
Leptosphaeriaceae	47	102	24	12	69	62	165	49	229	32	7	29	36	30	19	14	96	70	27	11	48	23	5	15	7	3	12
Cucurbitariaceae	35	86	20	12	59	62	184	23	191	79	13	24	31	24	15	20	140	35	19	18	77	9	5	39	10	10	16
Didymellaceae	288	225	60	25	96	124	265	71	262	58	23	73	171	32	47	57	349	107	52	40	91	20	12	38	8	27	57
Coniothyriaceae	7	22	1	0	2	3	53	1	21	2	2	1	1	1	6	2	61	11	7	1	3	1	2	3	3	0	1
Pseudopyrenochaetaceae	48	20	4	2	32	16	59	28	74	13	4	14	23	6	10	6	57	14	9	2	8	9	3	3	2	12	16
Didymosphaeriaceae	307	376	104	68	177	121	353	107	361	155	54	77	194	81	38	114	460	79	55	49	160	44	23	78	23	64	62
Massarinaceae	39	95	20	12	46	45	167	24	127	21	8	27	31	29	22	16	75	48	27	23	46	16	14	7	4	6	12
Lentitheciaceae	37	30	8	5	11	17	33	12	51	10	1	8	28	16	6	3	46	10	10	2	26	3	3	3	0	6	8
Trematosphaeriaceae	12	30	11	10	25	2	84	13	36	6	4	4	12	3	10	1	17	21	9	7	13	2	0	7	0	2	8
Periconiaceae	19	50	12	8	23	29	45	24	56	27	5	4	26	13	9	20	88	24	16	5	21	7	4	26	8	7	13
Argynnaceae	74	42	15	10	35	16	139	12	79	12	16	20	53	17	5	10	44	13	6	5	106	12	3	20	3	4	41
Mytilinidiaceae	22	63	19	8	37	35	110	21	86	34	8	27	20	11	8	11	96	42	19	16	35	8	2	5	8	2	15
Gloniaceae	145	153	32	32	84	43	118	37	179	60	17	26	95	47	18	24	152	46	36	20	65	17	15	20	13	42	56
Erysiphaceae	1029	1091	448	250	469	603	799	540	1252	584	154	285	684	419	230	304	932	289	413	144	786	268	75	334	157	301	396
Helotiaceae	354	354	91	75	183	130	393	132	391	298	44	54	207	84	55	50	243	70	68	58	142	57	34	50	27	79	77
Sclerotiniaceae	2121	2006	661	380	1276	1058	1820	1241	2383	1241	348	286	1585	739	352	561	2178	376	611	259	1476	402	190	475	251	529	654
Hyaloscyphaceae	250	332	102	83	162	155	287	91	375	171	35	52	213	87	32	58	272	75	59	36	221	63	44	70	36	65	119
Dermateaceae	288	472	150	90	230	103	435	110	389	196	68	78	176	91	45	109	445	95	65	35	176	45	12	66	55	39	104
Rutstroemiaceae	250	287	82	46	216	141	303	120	217	144	52	45	155	76	32	63	342	44	48	19	152	41	22	49	22	100	82
Leotiaceae	211	220	61	31	73	83	107	129	180	134	20	26	151	51	22	45	172	26	38	22	88	24	16	34	16	60	66
Cenangiaceae	130	132	54	20	70	44	105	44	137	87	11	8	103	30	13	21	82	12	31	8	80	21	6	17	7	13	30
Chlorociboriaceae	82	42	18	4	12	19	19	76	50	20	1	4	67	8	11	9	71	6	21	4	49	4	5	9	6	7	11
Ploettnerulaceae	14	32	10	4	28	8	53	8	37	5	5	1	13	15	6	6	30	6	6	4	15	4	1	12	2	7	7
Lachnaceae	190	304	120	68	183	191	183	179	214	198	54	38	180	115	30	93	310	37	60	25	218	77	23	39	42	111	104
Pseudeurotiaceae	138	215	48	42	126	77	325	46	230	75	21	49	112	71	30	49	210	77	38	26	108	31	21	25	37	24	37
Myxotrichaceae	160	78	21	27	53	50	113	74	96	59	14	8	114	5	8	25	163	10	11	25	73	6	2	6	7	47	11
Pleuroascaceae	28	36	12	11	27	7	44	11	22	10	1	5	22	26	6	3	35	14	11	7	29	8	2	20	1	5	5
Hypocreaceae	1011	1310	417	270	676	470	1410	489	1397	764	169	218	832	369	183	279	1239	373	267	149	532	169	75	187	107	372	271
Clavicipitaceae	483	684	181	111	308	238	748	233	914	283	85	130	349	160	75	102	717	196	129	99	360	84	25	109	38	65	186
Bionectriaceae	175	315	69	35	173	106	511	82	345	108	30	77	126	62	38	62	335	110	59	53	137	59	26	58	23	50	61
Nectriaceae	3851	4399	1355	710	2450	1705	4714	1952	4844	2051	635	885	2805	1176	630	1110	5058	1118	980	562	1970	806	310	816	426	760	1255
Ophiocordycipitaceae	399	550	183	86	335	306	778	224	654	300	57	145	284	147	82	168	779	242	124	119	249	110	42	89	49	75	122
Cordycipitaceae	580	813	201	106	365	263	946	288	767	325	85	209	415	185	120	163	1053	338	131	109	322	152	55	103	50	81	163
Stachybotryaceae	243	175	47	24	105	83	261	131	172	112	15	29	177	56	23	30	171	66	44	17	81	44	13	25	12	33	11
Sarocladiaceae	54	49	15	5	18	37	57	32	70	11	4	32	39	22	6	16	72	16	4	23	88	11	2	4	2	4	12
Microascaceae	191	162	40	20	85	80	186	37	149	73	13	28	99	46	18	31	112	25	27	18	97	14	8	14	32	17	32
Ceratocystidaceae	675	1191	325	194	592	438	1167	421	1201	439	157	227	516	265	136	214	1335	260	207	139	464	130	71	160	98	153	197
Gondwanamycetaceae	59	101	35	13	65	28	110	20	160	36	23	22	44	44	15	26	135	39	29	12	40	12	6	25	2	18	23
Chaetosphaerellaceae	465	1228	288	137	531	428	1849	403	1524	334	135	531	384	226	228	183	1661	763	229	249	458	202	53	77	63	129	241
Scortechiniaceae	2022	4261	959	489	1632	1508	6486	1418	5301	1189	410	1739	1641	762	706	699	5986	2723	665	962	1680	497	160	391	279	428	802
Bertiaceae	322	770	150	81	217	213	1049	220	1068	159	69	326	253	105	111	104	877	526	113	161	226	73	18	42	26	49	146
Glomerellaceae	2256	2715	843	438	1217	1010	2366	1000	2608	1213	341	471	1624	650	380	512	2861	627	563	273	1267	490	161	442	184	516	672
Reticulascaceae	11	45	12	3	14	34	18	10	42	12	2	7	6	4	3	3	44	4	8	4	21	10	3	5	4	5	3
Plectosphaerellaceae	167	334	78	35	169	144	441	146	506	189	30	135	107	124	51	75	543	158	64	79	171	45	18	75	22	120	95
Valsaceae	132	215	53	28	78	54	191	41	230	28	29	45	113	26	27	21	184	74	28	21	59	28	18	25	13	24	26
Gnomoniaceae	35	59	18	5	37	18	60	14	48	28	9	12	28	13	4	8	36	6	5	5	31	6	1	7	3	3	21
Cryphonectriaceae	329	206	52	33	103	122	275	79	345	91	21	61	222	89	43	54	308	101	55	24	160	46	13	34	39	118	61
Diaporthaceae	805	521	177	96	297	209	527	213	507	337	64	93	463	187	102	157	565	191	256	100	237	89	19	111	38	97	207
Schizoparmaceae	32	34	7	6	13	10	29	23	38	13	3	3	17	9	3	0	40	25	8	7	16	3	1	4	3	10	9
Phyllachoraceae	138	615	77	231	44	130	133	22	74	37	23	23	131	18	8	35	104	23	8	25	34	5	32	7	24	87	48
Sordariaceae	1574	2181	708	390	1284	932	2106	961	2177	1290	327	283	1180	723	278	419	2187	434	478	202	1091	341	147	426	186	347	533
Chaetomiaceae	116	227	45	20	69	58	225	106	308	77	24	38	121	24	36	30	267	118	40	48	111	25	8	22	3	33	41
Helminthosphaeriaceae	770	1655	383	219	713	542	2549	604	2071	473	221	713	624	304	323	310	2226	949	306	341	769	244	64	155	103	125	357
Ophiostomataceae	890	1436	370	192	512	459	1601	546	1440	461	174	445	702	296	215	275	1749	620	227	204	578	191	64	197	124	238	314
Coniochaetaceae	208	123	29	10	43	65	161	65	121	59	12	29	162	34	11	44	174	56	26	26	55	13	2	42	13	26	16
Magnaporthaceae	118	323	93	44	174	140	492	121	420	170	50	120	99	68	61	88	422	147	63	56	151	39	54	37	29	113	72
Pyriculariaceae	316	1104	210	307	264	230	415	142	434	186	64	83	279	184	92	120	463	140	150	74	287	109	58	77	49	118	140
Ophioceraceae	41	88	30	14	49	27	149	15	109	52	4	32	38	27	12	7	84	60	22	15	58	22	5	6	4	5	16
Togniniaceae	141	36	8	3	23	38	51	16	57	41	1	11	99	8	5	4	55	14	8	5	53	0	2	11	12	6	5
Xylariaceae	1118	1059	451	307	658	310	708	690	788	490	177	203	901	354	75	287	861	218	166	82	463	164	37	211	60	128	280
Diatrypaceae	73	78	32	13	101	48	145	24	62	80	11	12	38	14	13	13	65	18	26	8	54	42	7	19	1	7	44
Apiosporaceae	21	46	8	1	12	5	37	6	41	11	2	7	11	3	8	5	49	20	8	8	14	6	1	2	2	2	3
Microdochiaceae	4	31	6	7	8	7	29	7	32	4	4	5	14	4	4	14	64	25	4	11	10	3	0	0	2	0	5
Sporocadaceae	55	118	31	12	51	41	97	43	60	32	10	23	32	29	13	31	171	21	14	10	48	22	4	26	15	9	14
Hypoxylaceae	753	4097	703	615	427	380	577	337	793	553	109	131	534	255	117	189	737	137	167	93	466	110	70	182	59	139	264
Herpomycetaceae	17	16	5	6	10	5	26	4	26	4	1	1	22	2	3	3	10	3	6	0	6	3	0	2	0	4	0
Tremellaceae	9	28	6	2	6	23	32	10	36	7	3	7	9	17	9	8	37	17	14	6	19	45	2	9	1	3	10
Rhynchogastremataceae	21	67	27	7	24	12	45	15	49	61	15	22	15	9	7	16	65	19	3	12	47	2	1	1	4	5	4
Cryptococcaceae	396	458	80	46	154	222	537	111	367	132	42	95	208	78	49	74	640	103	72	61	178	51	17	34	24	42	68
Bulleribasidiaceae	19	28	6	4	14	18	62	9	30	9	1	15	17	4	2	1	16	16	3	2	8	6	1	4	1	3	11
Trimorphomycetaceae	299	127	29	18	44	50	142	57	209	36	4	26	200	46	30	23	306	121	39	26	49	9	6	20	6	19	21
Phaeotremellaceae	19	54	14	10	33	9	54	6	72	49	4	6	20	9	6	6	46	14	11	14	26	2	3	10	0	4	2
Bulleraceae	5	46	15	12	3	2	11	3	11	6	2	6	1	5	4	0	15	8	1	1	3	2	2	0	1	0	5
Mrakiaceae	23	116	34	21	22	41	87	26	167	23	13	42	32	19	17	20	113	36	22	8	27	11	0	6	1	3	11
Filobasidiaceae	23	33	9	2	29	10	67	10	38	69	9	12	12	9	5	14	40	13	13	2	4	1	1	10	20	1	5
Piskurozymaceae	32	44	15	12	22	31	81	17	106	10	5	10	24	12	13	15	46	31	19	8	28	12	2	8	7	16	28
Trichosporonaceae	287	1415	144	72	825	152	2207	188	1572	152	62	261	217	87	122	66	1968	390	125	117	245	117	25	69	30	39	136
Tetragoniomycetaceae	27	65	24	18	22	32	78	14	73	13	29	14	16	18	12	9	96	18	12	7	46	20	9	10	9	4	10
Auriculariaceae	44	113	22	15	33	56	127	40	127	50	6	35	47	20	27	40	247	71	19	35	37	20	3	11	6	7	19
Exidiaceae	12	61	13	6	20	20	96	15	70	10	7	15	13	6	11	13	80	38	10	20	14	4	5	7	2	3	9
Polyporaceae	190	462	100	43	229	151	850	147	745	182	41	220	189	73	103	80	543	305	92	98	227	55	17	52	35	55	94
Sparassidaceae	4	30	10	0	10	7	40	25	95	85	15	8	11	7	4	9	128	6	3	10	10	4	2	0	4	8	9
Steccherinaceae	24	50	8	7	24	11	66	14	51	13	7	19	11	8	12	1	32	19	14	5	14	14	5	5	4	4	10
Meruliaceae	19	26	10	3	17	32	76	22	70	8	2	12	19	11	10	13	48	20	15	10	29	6	3	6	1	1	9
Phanerochaetaceae	18	44	13	6	30	26	75	13	81	15	8	21	16	7	15	20	59	40	9	13	22	7	5	8	4	15	14
Fomitopsidaceae	18	76	19	7	20	18	100	21	94	17	7	26	16	10	10	7	78	42	16	11	28	10	1	11	5	9	14
Laetiporaceae	98	128	24	15	36	17	122	10	168	35	16	18	70	25	13	10	89	36	11	10	29	11	0	13	11	8	16
Dacryobolaceae	14	27	7	3	7	7	29	2	23	6	1	15	11	7	5	0	15	14	5	3	13	1	1	2	1	1	6
Grifolaceae	19	25	9	3	6	4	22	5	51	21	8	7	6	7	5	26	79	3	2	3	4	7	2	16	2	4	5
Gelatoporiaceae	37	42	11	8	14	10	65	11	41	34	2	9	13	5	12	4	60	31	12	11	15	7	1	9	27	4	1
Tulasnellaceae	22	63	14	5	8	12	27	26	39	6	10	13	12	2	3	3	33	10	6	6	11	2	0	5	2	2	12
Ceratobasidiaceae	56	146	38	24	60	67	175	111	166	96	18	50	71	53	18	27	188	46	22	20	98	34	8	25	12	8	38
Cantharellaceae	224	477	101	59	158	138	483	119	526	134	34	135	181	84	56	83	552	148	66	75	159	69	15	42	56	50	100
Botryobasidiaceae	10	50	11	10	14	14	45	14	29	2	4	9	8	16	7	7	13	22	9	9	14	4	1	14	3	1	24
Thelephoraceae	101	268	37	50	31	50	62	17	89	13	7	17	64	20	17	9	71	20	14	14	35	18	6	16	4	7	17
Hymenochaetaceae	75	189	54	42	74	38	125	45	154	39	12	20	60	24	16	32	141	32	18	20	62	10	9	13	4	11	35
Schizoporaceae	9	35	8	5	10	8	49	7	19	12	3	15	7	6	7	2	25	11	7	5	7	6	0	2	2	2	7
Serendipitaceae	122	117	22	22	28	53	67	31	88	12	10	17	88	21	11	4	75	14	8	16	113	15	6	16	6	32	13
Corticiaceae	34	24	11	3	8	31	23	5	40	5	2	11	38	2	4	0	34	23	7	6	10	1	1	2	3	2	4
Punctulariaceae	12	19	2	0	1	2	8	7	7	6	0	3	5	5	5	1	23	10	8	4	6	4	2	0	3	7	1
Gloeophyllaceae	17	40	16	5	15	24	82	25	73	21	4	14	12	10	7	8	46	7	9	9	18	10	1	15	4	9	11
Russulaceae	368	940	182	132	221	193	568	137	600	245	78	156	275	93	90	128	635	187	105	83	257	94	18	74	47	47	132
Bondarzewiaceae	53	145	40	11	80	90	159	44	150	32	11	37	57	22	21	16	81	62	28	22	53	15	5	35	11	7	16
Hericiaceae	51	110	27	21	52	28	197	51	133	42	14	43	46	38	29	31	154	72	19	11	73	7	7	28	10	13	17
Albatrellaceae	10	39	15	6	33	15	55	5	34	10	3	12	7	8	1	11	57	2	2	7	11	7	3	5	1	3	7
Stereaceae	64	26	5	4	3	10	22	16	51	9	0	5	36	3	2	16	38	11	4	2	4	1	1	3	0	7	3
Peniophoraceae	36	99	27	11	51	28	149	12	106	24	11	24	26	5	10	12	93	27	8	13	46	10	0	3	4	8	19
Hydnodontaceae	36	34	7	8	8	9	24	4	42	6	4	3	19	9	8	4	23	9	5	4	10	0	2	0	0	3	4
Schizophyllaceae	66	88	8	11	32	26	140	52	138	12	9	29	52	13	26	14	83	49	31	21	29	14	6	14	12	7	11
Agaricaceae	296	441	137	80	273	195	446	134	473	592	76	66	259	186	64	119	432	97	102	60	212	62	36	98	50	84	91
Tricholomataceae	522	1784	355	180	578	488	1764	535	1941	440	157	237	399	219	207	225	1674	342	254	164	519	122	85	185	119	195	218
Bolbitiaceae	53	103	25	11	32	38	118	31	176	47	12	29	46	31	28	25	122	57	55	20	77	6	5	26	29	8	24
Cortinariaceae	36	90	23	13	60	20	126	38	111	39	6	36	16	24	23	13	118	40	19	13	46	5	2	16	8	11	10
Pluteaceae	36	61	11	3	18	34	49	53	90	25	11	9	26	16	10	25	110	11	7	10	19	6	1	9	10	32	20
Clavariaceae	27	82	24	7	58	33	198	27	125	45	14	47	31	22	18	42	182	62	33	14	58	9	5	8	0	7	33
Fistulinaceae	5	13	5	0	6	11	11	0	14	13	0	3	5	3	7	7	27	11	6	0	6	3	4	2	0	2	2
Strophariaceae	116	603	100	85	83	66	192	65	224	92	35	27	87	30	48	28	207	88	71	29	115	32	11	23	19	67	38
Amanitaceae	220	250	60	28	144	66	336	46	250	81	28	66	159	73	44	58	235	53	63	30	97	52	14	59	20	51	50
Hygrophoraceae	32	33	7	6	21	22	62	10	58	25	2	16	38	8	9	19	48	20	11	0	32	2	0	7	6	6	6
Nidulariaceae	16	17	4	6	11	13	36	16	41	16	10	9	11	13	3	7	69	7	5	2	4	2	2	4	42	2	18
Omphalotaceae	87	281	69	46	186	101	391	78	257	119	35	34	79	35	29	50	219	59	43	29	206	35	11	39	19	30	52
Crepidotaceae	20	65	12	8	32	15	86	18	118	14	9	15	10	15	4	0	55	17	8	2	13	3	5	9	10	6	18
Pleurotaceae	217	1406	70	33	123	171	384	136	324	76	20	62	208	43	94	76	468	144	116	36	213	30	13	23	8	16	112
Psathyrellaceae	18	40	5	9	33	16	109	16	60	4	3	15	13	4	12	7	62	18	13	14	20	9	2	7	0	4	15
Marasmiaceae	74	67	16	8	74	29	68	20	74	10	9	15	50	8	22	12	65	33	24	8	31	13	6	4	4	7	11
Physalacriaceae	124	284	70	28	136	82	312	86	341	83	29	58	112	57	42	39	256	82	51	36	131	48	8	28	27	25	43
Lyophyllaceae	312	499	137	60	137	188	388	145	454	144	56	83	251	113	52	69	419	90	60	36	209	67	21	76	28	52	109
Pterulaceae	50	17	5	8	41	26	97	6	20	22	7	13	33	9	13	14	39	11	19	1	29	11	2	17	0	1	12
Sclerodermataceae	13	39	17	7	5	6	26	24	47	21	8	7	8	4	3	7	15	5	9	3	6	4	0	4	1	4	5
Boletinellaceae	13	14	3	2	5	19	14	12	29	3	2	5	8	3	3	2	13	8	2	0	6	2	2	0	1	4	3
Pisolithaceae	28	50	13	6	26	16	95	28	98	22	7	15	19	14	9	6	62	25	7	6	21	8	1	6	4	14	12
Boletaceae	173	468	132	68	157	154	406	100	411	118	46	62	130	83	40	65	345	81	57	53	145	44	18	37	33	27	66
Paxillaceae	48	61	14	8	24	14	91	27	78	9	4	29	31	18	21	6	74	36	16	19	33	5	6	10	3	64	7
Gomphidiaceae	73	426	142	275	55	61	140	25	129	53	8	45	33	72	3	9	106	9	9	4	28	5	6	32	2	36	9
Rhizopogonaceae	244	281	61	33	94	94	272	88	324	76	52	59	174	46	59	95	364	91	105	40	105	33	32	43	17	40	57
Suillaceae	119	106	24	24	66	71	157	41	204	59	14	41	112	23	26	26	164	34	39	27	81	20	17	18	13	27	43
Coniophoraceae	25	21	6	5	17	6	37	7	58	6	1	6	6	7	2	2	31	4	1	8	24	5	1	0	3	3	4
Serpulaceae	27	74	17	16	36	24	56	54	104	43	9	12	32	12	8	15	31	7	7	4	22	11	0	21	16	38	10
Atheliaceae	149	147	44	14	58	75	177	61	160	87	19	23	100	33	28	59	250	48	42	15	103	23	10	28	9	32	39
Jaapiaceae	8	38	4	2	2	11	28	10	40	9	5	8	5	3	1	16	105	4	2	18	6	2	3	3	2	2	3
Amylocorticiaceae	28	16	4	4	20	5	78	4	28	1	6	9	17	4	22	3	15	14	10	5	18	5	3	1	0	3	5
Sphaerobolaceae	64	131	51	23	50	33	73	30	94	34	8	12	57	28	11	27	108	26	15	22	51	22	9	5	6	12	18
Gomphaceae	248	853	269	113	213	132	418	239	272	158	69	60	155	55	22	71	299	58	27	39	155	54	7	73	35	31	49
Dacrymycetaceae	63	86	20	7	34	19	119	29	105	15	14	24	32	17	6	8	63	33	9	8	26	12	1	14	19	4	12
Chionosphaeraceae	6	14	2	1	4	3	15	0	16	3	1	7	1	1	1	23	55	8	3	1	1	0	0	7	0	1	4
Microbotryaceae	18	38	7	6	5	12	39	4	75	12	2	11	18	4	9	7	66	8	4	11	18	1	2	9	2	25	6
Leucosporidiaceae	17	53	12	6	22	5	68	9	43	12	8	10	10	6	10	5	53	35	7	6	25	3	0	9	1	3	9
Sporidiobolaceae	121	269	49	32	141	107	534	76	362	38	18	94	104	56	58	21	248	225	44	89	113	58	5	12	8	15	56
Camptobasidiaceae	5	5	1	0	6	3	24	1	23	1	0	6	3	5	3	0	9	13	1	2	7	3	0	0	1	2	2
Melampsoraceae	642	671	197	101	398	286	682	220	841	294	85	95	461	164	105	129	710	160	179	72	254	115	51	97	92	171	133
Pucciniaceae	1178	1485	529	323	694	622	1063	519	1322	860	182	194	901	474	181	384	1340	257	307	138	753	241	139	309	178	362	339
Cronartiaceae	139	283	95	67	113	123	198	183	317	139	35	51	120	72	24	74	220	42	38	17	232	46	26	54	18	44	44
Sphaerophragmiaceae	2902	3621	1236	718	1963	1389	2363	1388	2892	1955	483	382	2177	979	428	732	2880	410	743	244	1708	432	330	781	359	893	894
Cystobasidiaceae	134	68	19	14	30	13	95	19	57	8	3	9	65	6	10	3	46	8	2	10	33	10	2	2	1	6	8
Erythrobasidiaceae	127	72	14	7	30	15	90	24	67	33	16	24	89	10	16	11	80	24	12	8	17	13	2	21	4	5	11
Symmetrosporaceae	5	21	1	0	5	3	28	2	12	7	0	8	6	3	2	0	11	11	4	9	6	2	0	0	0	1	3
Mixiaceae	5	4	1	1	4	0	8	9	17	1	0	2	3	8	2	1	1	0	0	2	1	0	0	1	0	0	0
Ustilaginaceae	140	376	61	36	217	118	879	133	529	80	27	132	202	59	51	58	422	271	60	60	132	62	16	47	18	68	48
Anthracoideaceae	9	10	3	0	8	7	33	7	42	2	1	11	3	4	3	5	13	7	3	2	14	1	0	7	1	0	1
Violaceomycetaceae	18	29	10	3	34	11	95	10	93	5	3	13	9	21	33	8	47	39	46	6	13	2	1	7	25	3	14
Cryptobasidiaceae	3	49	15	8	34	19	94	16	56	13	2	9	6	5	8	15	101	19	6	5	9	8	2	2	0	3	11
Brachybasidiaceae	37	93	19	13	36	29	73	20	68	12	18	3	17	37	4	17	44	6	9	7	12	6	5	11	4	6	26
Tilletiaceae	41	128	32	12	45	50	124	20	149	25	26	30	54	19	17	26	146	65	19	20	45	18	1	25	12	9	34
Ceraceosoraceae	12	40	7	5	21	15	66	13	39	7	9	12	8	5	3	20	55	16	9	5	16	5	2	10	2	1	11
Golubeviaceae	7	34	15	7	14	5	33	22	40	24	14	8	11	7	5	2	36	10	12	4	16	5	10	7	1	1	6
Malasseziaceae	65	217	58	19	42	49	289	40	239	23	24	76	43	18	24	19	232	133	27	34	84	17	13	7	29	33	34
Wallemiaceae	6	39	10	4	5	6	13	97	32	5	3	8	5	2	9	5	16	7	12	4	13	8	1	6	4	6	6
Geminibasidiaceae	3	24	2	4	11	14	26	18	43	9	0	7	3	5	6	0	18	16	7	3	12	6	0	1	1	2	1
Francisellaceae	617	304	70	47	61	45	131	59	218	47	18	9	411	57	16	25	246	13	17	19	92	19	8	15	33	74	33
Piscirickettsiaceae	915	351	79	44	191	106	500	66	313	114	36	46	487	66	24	75	490	61	45	28	115	39	15	38	32	70	51
Thiotrichaceae	868	467	106	52	105	90	326	56	326	93	44	48	553	43	27	73	577	58	33	32	83	50	14	34	37	73	38
Fastidiosibacteraceae	121	86	23	11	44	18	74	9	67	10	5	6	79	15	10	21	121	14	19	4	122	39	5	8	6	19	2
Thiofilaceae	42	19	6	2	3	0	7	1	13	1	1	0	24	1	1	2	21	3	2	0	0	2	0	0	0	1	1
Moraxellaceae	35332	92796	13170	18394	28669	24267	65614	40978	81946	49880	25824	16892	18810	14154	6314	40126	98468	7394	7004	3520	46781	5507	3471	16992	17512	7850	14569
Pseudomonadaceae	3888	5534	974	600	1825	1449	8295	1578	6511	1471	468	2226	2988	754	950	746	7007	3466	823	988	1624	620	82	381	210	367	946
Enterobacteriaceae	52244	964305	309208	125711	18526	16381	71086	173169	42644	20722	58623	106079	24747	14121	33234	13687	74269	73939	40041	7546	8892	2906	3337	15354	36930	5595	24885
Erwiniaceae	3139	1608	401	236	454	327	1336	496	1377	281	144	279	1967	257	142	287	1991	385	208	160	432	112	50	156	75	247	310
Pectobacteriaceae	1242	758	151	80	162	143	546	149	552	102	58	144	774	85	59	80	797	173	60	66	174	47	38	75	64	102	100
Yersiniaceae	3447	2239	334	186	458	278	1282	506	1228	223	133	311	1809	293	123	253	1850	331	131	139	335	112	41	170	140	200	336
Hafniaceae	464	168	42	23	48	53	168	35	130	40	13	42	267	18	11	17	217	54	12	18	39	13	40	35	4	27	34
Morganellaceae	5444	1560	292	167	313	321	682	315	1112	270	128	126	3226	219	130	269	1830	171	154	90	321	113	40	139	1254	365	161
Budviciaceae	375	125	33	12	19	18	60	11	79	19	4	16	266	25	5	26	151	16	4	4	43	2	2	11	7	17	9
Legionellaceae	1353	703	165	113	207	142	559	131	533	107	54	73	827	101	63	109	693	77	80	56	238	58	31	55	60	183	103
Coxiellaceae	173	116	30	17	22	49	55	30	76	20	4	11	105	22	7	24	71	18	10	17	21	5	5	6	11	8	7
Chromatiaceae	998	463	85	47	153	72	446	86	374	65	37	125	639	42	37	78	544	184	37	70	85	25	6	19	11	76	41
Ectothiorhodospiraceae	162	248	61	27	128	77	587	69	304	54	10	134	126	36	35	36	445	186	37	72	102	26	15	12	4	47	47
Halothiobacillaceae	127	86	25	12	21	27	73	9	83	15	3	17	96	7	8	10	93	22	11	12	20	12	1	10	2	6	4
Granulosicoccaceae	23	12	4	0	8	3	18	8	17	1	0	5	11	3	3	4	19	6	1	2	9	1	0	2	2	2	3
Wenzhouxiangellaceae	4	11	5	0	1	5	30	0	21	2	0	12	0	0	3	1	21	8	0	2	5	1	0	0	0	1	1
Woeseiaceae	1	20	7	3	4	5	14	3	5	0	2	4	0	1	2	2	29	4	2	4	1	2	0	0	0	0	3
Thioalkalibacteraceae	17	7	2	1	4	0	20	0	14	1	1	8	15	1	1	0	9	11	0	0	2	1	0	0	0	2	2
Xanthomonadaceae	698	1818	354	131	460	370	2411	420	6478	396	502	865	506	276	1172	181	1946	2088	1526	306	492	138	42	62	45	131	727
Rhodanobacteraceae	151	406	76	31	196	95	920	110	576	84	45	226	126	60	79	47	569	340	50	102	128	34	7	30	6	8	69
Cardiobacteriaceae	9	66	8	3	11	4	46	13	31	18	2	15	23	8	4	5	75	20	6	3	6	6	1	2	1	1	9
Methylococcaceae	795	702	162	79	208	175	712	171	618	165	38	117	513	109	50	96	825	160	73	87	172	65	31	71	44	86	127
Halomonadaceae	1288	1169	260	138	332	243	1468	266	1044	257	78	449	789	137	112	148	1469	556	99	137	368	81	17	115	37	80	146
Oceanospirillaceae	3299	1028	191	96	318	175	890	205	990	276	74	161	1939	143	87	186	1683	166	94	93	213	76	28	55	49	247	108
Oleiphilaceae	1	46	28	6	7	21	6	9	14	8	0	0	9	3	2	2	22	6	1	2	8	0	0	15	1	0	0
Alcanivoracaceae	170	186	32	17	107	31	342	33	285	31	15	65	96	24	20	31	433	67	11	22	46	17	5	15	6	13	17
Hahellaceae	186	46	13	5	16	10	39	2	48	16	9	1	152	7	2	11	68	8	3	2	11	3	0	1	0	10	16
Saccharospirillaceae	264	43	8	9	9	8	31	7	37	7	1	9	167	5	6	14	71	14	7	7	8	2	1	6	1	8	3
Litoricolaceae	67	32	3	2	4	3	13	3	9	3	1	0	38	1	0	2	21	1	0	1	4	1	0	1	0	1	0
Kangiellaceae	137	108	21	11	38	19	69	42	54	35	7	9	75	9	4	19	149	13	6	10	16	11	1	10	13	31	10
Endozoicomonadaceae	144	103	27	12	23	35	88	99	157	36	9	23	77	39	17	21	116	23	20	11	24	10	7	30	10	24	22
Alteromonadaceae	6138	1466	243	186	441	318	1531	264	1385	233	112	284	3583	174	127	325	2354	335	135	168	360	112	38	144	60	403	186
Pseudoalteromonadaceae	5099	967	170	118	246	173	681	269	761	207	61	88	2921	148	55	250	1607	101	74	56	187	75	55	83	57	228	117
Colwelliaceae	3110	527	101	79	119	91	214	57	435	108	30	58	1856	75	47	91	912	56	57	42	72	21	24	42	20	170	70
Shewanellaceae	4373	957	249	105	241	182	594	167	750	138	58	57	2731	96	60	192	1607	121	99	72	173	37	15	51	32	254	89
Moritellaceae	531	76	8	12	11	9	55	10	46	26	5	2	287	11	6	28	93	7	5	5	17	8	5	4	23	30	3
Ferrimonadaceae	160	20	6	1	3	12	42	6	32	8	1	17	92	4	1	11	64	19	1	6	7	2	0	0	0	8	1
Idiomarinaceae	818	285	46	38	35	39	107	40	228	38	19	34	487	30	26	73	535	39	24	33	56	10	5	22	9	63	28
Psychromonadaceae	1312	279	69	48	51	48	152	115	164	39	20	24	751	53	13	51	381	21	24	8	34	21	2	38	10	101	39
Vibrionaceae	18013	3750	810	439	846	732	2099	637	2555	646	239	367	10800	426	235	834	5985	399	330	255	816	271	115	245	158	1073	417
Succinivibrionaceae	473953	95710	13376	17076	89476	48652	132401	148051	26712	151932	3172	1973	296747	833	243	3738	25166	263	357	419	7505	264	958	3749	350	65283	25051
Aeromonadaceae	1950	883	150	94	251	141	964	216	841	156	72	297	1169	67	88	3538	2060	365	84	169	205	78	21	63	27	149	88
Pasteurellaceae	20216	32912	4020	2813	1682	1001	4524	2053	5110	2498	917	222	12721	658	124	2516	23758	160	172	145	939	95	270	836	5880	537	1171
Salinisphaeraceae	4	26	9	2	7	2	28	7	27	2	3	4	5	1	1	1	20	6	1	2	7	0	2	4	0	1	3
Orbaceae	1319	253	68	36	352	53	511	30	3379	175	117	16	827	126	156	511	1087	104	1284	17	40	39	13	107	5	101	32
Acidiferrobacteraceae	1	5	2	1	3	1	17	4	11	0	1	6	1	1	2	1	11	5	0	5	1	1	0	0	0	0	2
Cellvibrionaceae	397	324	89	42	101	63	299	96	282	39	27	79	253	28	35	44	300	77	24	25	91	19	7	25	8	34	38
Halieaceae	233	215	49	30	44	41	197	60	237	29	16	70	142	16	28	17	207	90	18	49	41	26	3	7	5	11	33
Microbulbiferaceae	134	86	26	12	29	19	132	20	61	40	2	19	89	7	10	11	124	28	9	14	23	7	0	6	2	18	17
Porticoccaceae	149	109	26	20	32	30	115	31	111	32	21	20	89	8	10	29	212	24	13	17	30	11	5	11	8	5	25
Spongiibacteraceae	60	55	14	2	30	13	85	20	53	10	4	16	35	13	18	28	109	34	12	37	50	9	1	20	3	3	7
Sinobacteraceae	264	164	25	19	30	24	221	23	211	17	11	64	190	6	34	14	292	85	26	48	46	11	2	1	2	17	10
Steroidobacteraceae	14	41	6	4	22	11	76	29	30	9	3	13	9	6	8	5	45	6	1	2	12	3	2	0	2	1	3
Candidatus Competibacteraceae	135	73	19	5	32	30	85	11	122	13	4	33	88	9	11	23	113	57	13	9	37	8	6	8	2	12	13
Bartonellaceae	385	336	80	45	131	79	301	121	310	107	34	41	249	45	30	60	400	32	42	28	77	41	33	36	28	55	41
Methylocystaceae	48	224	34	27	122	62	474	54	263	55	24	100	67	56	57	23	303	224	37	43	78	29	17	20	9	19	36
Bradyrhizobiaceae	366	1201	237	116	444	385	2101	369	1344	205	89	643	334	152	252	110	1585	982	168	302	362	164	23	70	36	49	192
Hyphomicrobiaceae	183	547	93	48	126	114	607	109	738	79	35	212	144	80	84	67	696	344	60	112	133	40	9	26	21	20	98
Beijerinckiaceae	44	102	15	10	36	17	143	51	140	25	9	42	55	14	22	21	134	80	16	37	55	17	4	1	3	8	17
Phyllobacteriaceae	309	1320	257	151	334	291	1839	369	1694	228	74	580	326	193	207	159	1796	906	187	249	367	111	26	84	29	60	197
Rhizobiaceae	2969	4434	919	512	3040	2290	8122	5971	13560	8379	1698	1527	1668	3346	1677	2655	9041	2505	2378	1054	6299	1882	656	3513	702	1082	1935
Brucellaceae	82	199	31	17	50	41	237	54	189	29	6	60	68	29	16	19	214	68	18	27	56	29	4	13	10	40	27
Rhodobiaceae	196	240	41	20	71	46	272	43	218	35	12	85	160	19	24	15	253	113	25	26	49	28	5	10	11	35	18
Methylobacteriaceae	72	426	79	32	107	124	593	103	432	62	38	266	74	53	55	49	673	365	50	106	93	33	9	10	26	20	73
Aurantimonadaceae	41	163	27	25	43	43	226	44	170	13	5	61	32	23	24	11	154	131	16	35	56	17	0	5	5	3	33
Xanthobacteraceae	22	93	14	3	45	21	202	17	93	12	7	49	17	9	14	9	116	76	12	13	38	10	3	3	2	2	18
Cohaesibacteraceae	34	33	6	3	6	8	23	5	29	2	4	4	32	1	2	6	36	4	0	3	7	2	1	2	0	3	3
Chelatococcaceae	18	56	9	6	10	26	60	17	40	12	2	19	20	3	3	3	52	28	3	11	19	4	0	0	2	1	8
Salinarimonadaceae	7	13	8	2	6	5	27	4	30	6	1	28	5	6	5	2	42	31	1	6	9	1	0	0	0	1	3
Rickettsiaceae	159	185	54	30	76	52	116	24	113	53	11	18	120	29	11	31	162	24	26	9	41	15	6	7	6	28	21
Anaplasmataceae	66	182	65	29	42	51	70	49	123	57	24	16	108	56	24	22	110	23	29	19	72	18	3	9	4	80	23
Candidatus Midichloriaceae	68	33	8	4	3	2	5	12	12	4	1	6	32	2	3	12	72	1	0	2	5	1	0	4	0	7	3
Candidatus Deianiraeaceae	7	9	1	1	3	7	3	5	10	1	1	0	11	2	2	2	6	0	6	0	6	6	1	2	1	1	7
Pelagibacteraceae	235	175	69	29	64	56	74	98	169	66	24	26	187	43	14	47	250	12	23	12	45	18	12	26	11	20	49
Acetobacteraceae	413	1253	301	129	363	245	1742	482	1185	177	118	495	345	146	140	143	1559	640	142	187	337	85	25	55	32	39	181
Rhodospirillaceae	1102	2463	487	276	664	490	2774	789	2312	405	205	865	919	201	270	240	2989	1119	134	367	521	201	62	80	39	73	266
Geminicoccaceae	2	22	7	4	4	10	47	8	25	9	3	19	1	3	4	3	44	19	1	6	9	1	0	1	1	0	7
Rhodobacteraceae	1666	3914	741	394	968	860	4733	837	3761	623	209	1484	1273	508	446	386	4404	2139	415	675	990	315	73	167	104	199	527
Hyphomonadaceae	192	379	82	40	64	59	362	80	291	76	18	120	109	60	33	47	415	149	34	46	76	19	9	30	9	27	38
Sphingomonadaceae	563	1551	326	164	526	313	2695	405	1666	219	143	735	485	216	236	197	2411	1124	159	291	440	133	46	93	58	54	249
Erythrobacteraceae	239	531	112	46	121	68	680	233	515	68	34	183	185	75	71	61	663	241	71	67	118	27	11	25	36	39	96
Caulobacteraceae	138	539	120	63	174	127	940	131	672	91	47	357	118	66	87	58	711	505	56	110	118	52	8	25	14	25	98
Parvularculaceae	9	68	16	9	32	9	104	19	58	6	10	42	22	2	3	5	62	21	6	5	12	3	4	11	1	7	9
Kordiimonadaceae	6	30	6	3	12	9	36	14	29	4	1	6	9	4	3	3	27	11	9	5	9	3	1	0	1	0	8
Sneathiellaceae	58	39	2	3	6	8	11	3	23	9	0	3	36	1	4	3	40	7	3	8	5	1	0	11	0	2	0
Kiloniellaceae	12	32	6	3	7	5	39	3	26	2	2	11	9	2	3	8	27	16	1	1	5	2	1	0	0	4	3
Rhodothalassiaceae	2	4	6	2	2	2	14	1	9	0	0	3	0	0	0	2	11	4	0	1	2	0	1	0	0	0	1
Holosporaceae	59	85	24	16	27	17	47	27	73	15	1	1	27	11	6	13	70	8	17	1	45	11	9	5	0	5	2
Candidatus Paracaedibacteraceae	59	31	15	6	30	9	63	3	28	4	4	4	33	1	5	5	31	7	8	1	4	0	0	1	5	10	2
Caedimonadaceae	4	14	7	2	0	4	4	0	13	1	1	0	8	2	5	1	8	2	3	2	6	0	0	3	0	0	0
Emcibacteraceae	5	37	8	10	7	1	26	3	28	5	1	9	10	8	5	2	42	14	1	2	5	3	1	0	1	3	4
Minwuiaceae	3	4	2	0	3	2	17	4	4	5	1	14	3	2	0	2	22	9	0	1	1	0	1	0	0	0	1
Methylophilaceae	343	404	127	76	55	61	212	71	203	85	61	53	237	35	19	43	279	47	32	22	113	24	6	22	14	29	35
Gallionellaceae	350	251	43	24	75	78	262	68	273	38	18	73	225	55	27	40	469	124	21	47	87	10	10	25	10	22	51
Nitrosomonadaceae	300	244	64	32	47	58	179	74	250	49	17	71	174	34	15	34	244	44	18	32	54	44	6	26	10	30	41
Thiobacillaceae	20	102	19	18	34	32	162	34	135	22	11	52	26	15	13	9	136	55	12	32	42	14	5	4	2	1	18
Sterolibacteriaceae	18	57	8	5	15	25	54	17	84	14	1	19	12	6	15	15	112	34	5	11	23	4	1	1	0	1	7
Alcaligenaceae	839	1128	194	97	357	181	1692	263	1196	199	93	511	578	120	155	117	1809	709	126	181	285	133	12	69	49	95	182
Oxalobacteraceae	937	1492	304	165	400	292	1949	462	1905	341	113	668	627	238	248	190	2223	994	222	298	403	115	61	87	82	106	361
Comamonadaceae	797	2148	427	218	642	415	3306	559	2440	443	168	1076	642	212	282	250	2765	1480	260	394	563	196	46	78	57	83	389
Burkholderiaceae	1182	2444	519	244	826	511	4594	565	3062	495	160	1139	965	324	348	290	4284	1781	274	422	678	229	93	132	85	134	437
Sutterellaceae	801	2392	491	277	433	177	2337	387	3232	1040	151	1790	564	287	125	218	6517	419	106	91	546	76	26	231	121	75	1099
Neisseriaceae	2108	2707	505	316	369	187	1223	1513	1280	173	125	197	1287	242	135	177	1556	355	356	113	300	80	42	77	2578	104	244
Chromobacteriaceae	150	505	110	44	142	97	603	135	466	106	28	186	126	94	59	83	665	272	70	76	134	35	13	27	15	31	92
Rhodocyclaceae	86	295	59	35	94	67	469	56	390	53	18	114	83	55	67	24	364	251	66	54	63	31	7	15	6	8	56
Zoogloeaceae	1466	4241	1339	1004	2810	1386	4438	1104	4436	5347	2009	641	412	299	202	981	1509	376	196	134	5440	104	136	667	2689	321	954
Azonexaceae	16	114	16	7	23	22	127	24	158	25	21	39	12	5	14	26	149	61	14	24	25	4	3	16	4	3	15
Mariprofundaceae	16	66	14	9	13	8	53	9	32	11	0	10	22	7	4	4	84	45	4	1	34	6	0	0	4	1	10
Bdellovibrionaceae	268	274	58	36	61	46	156	70	245	76	30	36	185	47	37	37	237	72	40	27	80	36	9	29	13	17	41
Oligoflexaceae	11	26	7	2	9	6	38	5	25	4	1	8	12	1	2	0	26	21	3	7	10	4	1	4	0	1	2
Pseudobacteriovoracaceae	7	41	7	4	3	6	20	2	29	2	2	5	5	3	3	10	63	2	0	5	7	9	1	7	0	1	7
Silvanigrellaceae	88	78	21	14	16	22	23	59	28	19	6	3	64	15	6	11	71	1	4	2	17	4	1	12	3	4	13
Bacteriovoracaceae	276	298	58	27	120	74	351	79	226	74	32	19	176	55	23	44	197	38	41	26	80	10	9	28	14	56	34
Halobacteriovoraceae	23	50	18	7	12	16	24	14	53	14	3	4	15	11	0	6	20	0	5	7	53	7	2	5	2	1	3
Acidithiobacillaceae	16	74	20	7	40	19	126	15	60	13	13	11	16	12	11	17	87	37	8	6	31	18	5	7	3	7	7
Thermithiobacillaceae	3	12	1	0	3	0	6	3	7	0	2	9	1	1	0	1	6	3	0	1	1	0	0	0	0	0	0
Hydrogenophilaceae	3	18	4	3	10	5	29	7	49	1	0	9	4	2	4	7	36	15	2	7	5	0	2	3	0	1	2
Myxococcaceae	128	688	134	67	152	275	637	57	377	49	20	136	94	63	95	35	477	348	96	114	108	60	21	15	21	16	45
Archangiaceae	9	56	13	5	21	19	115	20	83	11	5	47	20	27	11	10	200	73	9	12	19	6	3	5	3	1	7
Vulgatibacteraceae	1	7	2	0	2	4	29	3	14	3	1	12	9	1	5	1	13	9	2	2	5	1	0	0	0	2	6
Anaeromyxobacteraceae	1	3	0	0	0	1	1	0	4	1	0	2	1	1	2	0	1	11	1	0	0	0	0	0	1	0	1
Polyangiaceae	37	122	21	16	45	30	220	35	199	20	14	90	33	12	17	15	201	148	23	33	44	11	4	1	10	10	21
Sandaracinaceae	4	12	2	2	3	2	31	4	18	2	1	16	7	1	1	3	30	16	3	5	5	4	0	0	0	0	1
Labilitrichaceae	6	21	9	0	4	5	31	3	22	4	2	8	6	3	3	15	67	14	1	4	10	1	2	4	1	0	2
Nannocystaceae	6	25	6	1	13	2	67	6	41	1	2	35	8	4	3	1	35	30	4	2	8	2	0	0	0	0	2
Kofleriaceae	3	37	12	6	9	12	55	14	20	2	1	14	1	4	3	4	23	31	0	3	6	1	0	2	1	1	2
Desulfuromonadaceae	97	390	66	24	142	120	603	77	504	54	31	151	102	39	45	62	538	202	61	80	173	50	16	33	19	54	73
Geobacteraceae	138	495	112	43	203	159	803	169	624	84	30	233	167	76	69	47	557	309	79	97	161	46	20	26	13	44	120
Desulfurellaceae	13	34	16	6	14	5	19	8	22	14	2	2	13	5	2	12	41	4	2	0	6	4	1	2	2	1	3
Desulfovibrionaceae	1003	4303	861	460	1222	1083	9620	4534	3207	1767	271	6675	1044	1232	746	227	4041	5053	535	1131	2100	730	93	119	376	138	2021
Desulfomicrobiaceae	34	136	27	7	29	29	149	38	149	21	13	60	20	17	14	17	146	66	12	21	48	7	4	11	6	6	26
Desulfohalobiaceae	20	64	29	6	14	14	57	13	57	14	1	13	11	9	5	7	93	14	7	13	27	7	2	4	4	1	11
Desulfonatronaceae	4	13	3	1	10	7	41	9	34	3	1	12	13	4	2	3	33	11	3	7	10	1	1	2	2	1	3
Desulfobacteraceae	628	1169	272	150	348	413	1270	393	1272	283	82	339	460	221	126	141	1097	380	158	196	435	149	44	71	71	133	190
Desulfobulbaceae	224	322	70	40	132	117	488	76	354	46	32	136	164	60	43	56	405	217	43	48	140	22	6	26	8	25	58
Syntrophobacteraceae	31	190	46	23	78	44	276	38	159	31	8	63	35	30	41	12	136	113	40	33	54	37	6	11	9	6	45
Syntrophaceae	305	583	132	64	267	184	847	144	666	95	27	201	279	80	83	39	606	287	104	159	258	83	20	34	25	84	109
Syntrophorhabdaceae	9	8	2	7	4	6	9	2	14	1	0	3	6	3	4	0	7	5	3	1	3	3	1	1	0	0	1
Desulfarculaceae	35	73	21	14	20	19	92	3	63	5	8	22	14	11	7	5	67	40	11	14	13	4	3	5	3	2	16
Bradymonadaceae	10	52	5	13	34	23	175	8	54	7	6	19	12	2	9	15	73	49	6	9	14	18	4	2	0	5	12
Candidatus Desulfofervidaceae	8	20	4	3	2	3	7	3	29	0	0	1	3	6	1	2	12	0	2	6	11	0	0	1	5	1	1
Helicobacteraceae	1204	2314	585	294	437	638	995	1015	2446	303	333	824	904	354	267	454	4480	3221	321	198	1465	505	150	155	1476	207	936
Campylobacteraceae	3084	6967	1818	968	1211	2022	1947	3636	7146	1174	1060	438	2406	1168	896	1585	16024	1228	1096	551	5166	1897	630	367	6832	675	2780
Hydrogenimonaceae	14	36	15	5	6	7	32	14	41	6	6	5	12	8	6	4	79	8	8	8	22	6	2	1	17	9	6
Nautiliaceae	39	64	15	6	18	23	36	33	96	30	5	6	27	26	7	12	50	11	13	1	41	10	2	10	6	6	37
Fusobacteriaceae	5047	2130	631	366	892	737	1656	682	2437	1045	172	243	5009	531	199	453	1958	239	272	143	787	212	146	299	167	319	9893
Leptotrichiaceae	916	854	323	186	305	277	426	242	746	335	93	94	595	193	75	122	562	79	105	54	325	54	82	110	48	138	503
Nitrospiraceae	340	734	156	106	201	169	797	182	702	104	71	133	246	96	69	106	693	221	94	83	236	55	24	77	39	60	119
Acidobacteriaceae	322	1085	223	122	421	286	1901	262	1163	194	82	435	297	179	169	127	1424	686	183	225	372	142	41	54	51	65	171
Solibacteraceae	18	35	7	1	10	13	95	31	56	6	3	18	10	3	2	8	62	21	7	18	8	1	4	2	1	2	5
Bryobacteraceae	7	42	8	4	10	4	36	11	45	6	1	29	7	1	4	0	30	22	2	8	10	5	2	0	1	0	2
Holophagaceae	10	37	9	5	16	7	81	16	40	7	1	30	15	9	3	10	52	27	7	9	12	4	0	1	2	2	10
Thermoanaerobaculaceae	3	22	3	4	0	4	15	3	13	2	2	4	1	0	0	4	15	4	2	0	2	0	0	0	0	0	0
Vicinamibacteraceae	6	15	0	1	4	11	38	6	37	4	1	10	3	2	4	3	35	14	0	2	12	0	0	2	0	1	3
Dictyoglomaceae	9	20	3	6	18	12	20	4	21	11	4	5	9	4	3	6	19	3	2	5	7	6	2	11	0	2	14
Endomicrobiaceae	266	573	4	6	2	15	15	6	29	14	5	2	21	7	5	2	11	5	5	6	18	1	3	4	3	5	3
Elusimicrobiaceae	6538	21874	5227	2632	164	419	348	1204	2332	75	510	46	3388	227	105	49	575	153	103	36	163	113	9	44	282	72	43
Aquificaceae	23	52	12	7	21	10	62	23	73	17	8	10	16	9	5	15	90	11	7	4	17	4	0	14	21	3	15
Hydrogenothermaceae	83	88	25	19	26	24	31	21	81	21	13	3	66	19	7	7	45	6	8	4	38	5	2	4	2	5	18
Desulfurobacteriaceae	27	56	16	4	21	19	61	10	38	15	3	8	25	6	9	5	43	11	11	9	16	10	2	3	27	5	15
Thermotogaceae	79	151	49	20	44	42	126	66	169	44	10	22	80	34	21	16	187	39	23	30	86	17	6	11	13	26	33
Fervidobacteriaceae	73	154	38	28	67	55	106	34	137	66	9	14	56	37	28	18	115	21	46	22	46	13	14	13	5	9	32
Kosmotogaceae	36	77	17	10	42	9	80	21	64	11	9	8	35	10	7	10	71	8	11	10	23	11	6	11	17	20	6
Petrotogaceae	194	284	97	51	95	115	142	63	261	119	59	28	174	47	16	48	187	18	27	32	183	30	26	43	18	70	48
Mesoaciditogaceae	13	28	12	7	14	7	36	5	23	13	0	16	12	5	6	8	32	10	7	1	5	1	1	0	3	9	124
Deferribacteraceae	160	300	100	58	74	116	198	111	237	101	27	40	133	49	27	55	273	37	41	41	86	36	17	52	34	42	43
Chrysiogenaceae	2	17	6	2	4	9	32	9	19	3	2	4	9	5	6	3	40	15	7	11	14	2	4	1	4	4	7
Thermodesulfobacteriaceae	85	59	17	11	19	12	41	21	35	16	4	18	48	15	3	5	47	10	5	9	24	11	7	12	6	12	18
Spirochaetaceae	77999	534728	82765	64435	154954	27095	264043	103615	97038	1276	9480	7681	77898	13391	4393	15616	209840	4686	5179	15156	41666	3456	75228	1349	72591	260298	423472
Borreliaceae	166	237	86	39	96	55	94	56	152	81	23	33	125	63	32	41	176	8	35	23	94	32	10	35	16	30	47
Brachyspiraceae	36811	104654	54681	20233	9816	31413	8405	4428	35760	83199	36629	2025	53079	7579	6238	17181	103738	2736	9514	3264	82043	13112	7115	5860	8176	5171	71936
Leptospiraceae	165	346	112	67	210	173	504	162	378	196	39	68	133	92	63	63	343	97	75	59	142	50	15	40	28	38	63
Synergistaceae	246	651	140	65	139	144	688	98	789	100	63	175	168	74	72	32	559	263	65	70	150	46	17	20	39	48	58
Calditrichaceae	53	29	4	4	10	7	44	11	29	4	1	7	34	8	5	8	40	10	4	2	30	1	1	1	2	6	6
Coprothermobacteraceae	2	6	0	0	0	0	2	1	1	0	0	1	0	0	0	0	3	6	6	1	6	1	0	0	0	0	0
Chthoniobacteraceae	7	37	7	7	9	12	61	9	58	3	0	13	16	3	2	4	30	14	4	7	15	2	0	12	0	0	6
Verrucomicrobia subdivision 3	83	320	75	27	99	127	476	143	389	56	24	128	74	54	54	36	391	197	49	76	73	27	4	33	21	20	57
Verrucomicrobia subdivision 6	0	2	1	0	0	0	1	0	0	0	0	0	1	0	0	0	2	2	0	1	0	0	0	0	0	0	0
Verrucomicrobiaceae	65	169	36	9	63	65	282	53	241	24	11	73	57	25	28	14	201	111	33	37	45	19	3	18	7	12	23
Akkermansiaceae	413	814	129	72	246	270	975	482	658	202	53	205	344	136	95	59	1029	216	82	114	168	213	11	101	53	33	110
Rubritaleaceae	12	4	1	0	2	0	20	3	5	1	3	0	14	0	2	2	22	5	0	1	6	0	0	0	0	0	6
Opitutaceae	102	268	45	21	76	97	340	82	299	28	13	91	102	43	36	48	283	168	26	60	82	32	13	38	7	12	55
Puniceicoccaceae	1	2	0	0	1	1	3	0	1	0	0	2	0	0	0	1	1	0	0	0	1	1	0	0	0	1	0
Methylacidiphilaceae	17	52	17	6	20	13	46	9	54	20	4	3	23	20	10	8	46	13	11	14	18	4	3	5	5	3	7
Planctomycetaceae	265	617	118	64	209	217	890	122	503	86	35	153	231	72	60	90	676	253	73	137	195	72	13	35	17	38	127
Pirellulaceae	50	135	42	20	57	49	167	48	173	18	18	38	37	35	26	21	161	32	18	55	37	19	6	18	12	25	36
Thermoguttaceae	15	17	2	1	3	16	19	3	11	1	0	5	11	1	0	1	7	1	0	0	6	4	0	0	0	0	0
Lacipirellulaceae	4	43	6	2	22	10	81	17	75	14	9	21	5	9	7	14	39	11	4	2	12	1	0	11	2	3	8
Gemmataceae	43	137	28	11	63	56	311	33	175	36	11	72	36	34	39	17	150	96	27	34	27	8	3	7	8	3	22
Isosphaeraceae	12	75	11	6	36	21	162	15	108	13	9	25	22	10	10	12	91	49	4	13	20	7	6	6	1	14	9
Phycisphaeraceae	3	12	1	2	4	2	20	3	17	1	0	10	0	4	0	0	17	23	0	1	1	1	0	0	0	0	0
Sedimentisphaeraceae	8	29	8	2	7	4	20	13	20	3	4	11	7	10	3	0	27	4	4	2	2	0	1	5	2	2	4
Anaerohalosphaeraceae	3	14	5	4	1	6	11	4	17	3	1	9	6	2	5	0	10	6	3	2	13	3	0	0	1	0	2
Candidatus Brocadiaceae	100	88	20	18	26	24	45	17	48	13	8	4	63	7	8	2	33	10	8	1	14	7	5	5	1	2	10
Chlamydiaceae	347	790	197	130	684	349	1664	333	1426	577	539	253	267	181	100	272	838	104	143	115	353	383	51	193	162	111	1068
Parachlamydiaceae	83	45	12	1	11	1	15	3	10	5	3	1	57	8	1	5	33	2	2	3	12	1	0	1	1	4	6
Waddliaceae	1	10	0	1	2	2	9	4	3	3	0	3	4	0	1	0	6	2	1	3	0	1	1	0	0	0	0
Criblamydiaceae	2	24	9	4	15	0	46	0	29	0	2	1	4	4	2	0	16	6	4	3	9	4	0	0	0	0	2
Victivallaceae	400	883	213	114	40	174	185	616	260	398	26	220	601	788	457	13	433	2157	459	384	269	637	18	2	39	120	484
Fibrobacteraceae	786	1494	348	164	505	317	1530	313	1093	253	242	277	539	170	173	228	1339	422	173	182	407	336	54	149	119	171	215
Fibromonadaceae	18	30	6	1	8	14	17	8	26	3	1	6	16	6	7	1	11	4	6	2	11	0	10	9	2	4	3
Gemmatimonadaceae	25	97	28	8	30	38	192	30	128	20	4	51	25	11	20	16	193	101	16	29	59	14	2	4	1	1	26
Staphylococcaceae	4111	23328	1850	6145	9019	2756	14609	10157	35911	3545	3386	2225	10391	3511	1626	1110	27932	1729	3991	23386	3670	1255	1156	594	208	4701	4943
Bacillaceae	14007	19442	5094	2965	7379	6740	14712	7783	22610	7601	1755	2446	11821	4396	2103	3321	19727	2912	3485	1528	6652	2902	1138	2408	1324	3635	4077
Planococcaceae	649	1008	281	138	372	348	936	473	1102	301	112	196	514	233	123	154	884	177	164	112	387	90	39	108	65	139	184
Listeriaceae	403	504	123	79	191	171	408	163	560	187	27	96	303	121	53	83	433	64	60	34	213	45	22	42	60	88	81
Sporolactobacillaceae	100	221	45	28	98	101	280	53	292	58	12	48	91	42	42	28	275	46	35	33	89	29	19	27	17	38	42
Paenibacillaceae	2853	6598	1344	774	1979	1974	7618	1903	7114	1479	457	1787	2443	1119	911	895	7146	2500	921	1068	2171	729	229	508	297	655	1190
Alicyclobacillaceae	126	348	65	35	121	122	493	147	373	86	26	147	100	79	54	34	388	165	57	77	136	29	11	20	13	21	103
Thermoactinomycetaceae	178	189	48	23	102	70	258	55	218	55	8	33	139	47	35	43	249	56	33	32	86	20	13	10	5	17	64
Bacillales Family X. Incertae Sedis	0	2	1	2	0	5	1	1	7	0	0	0	4	5	0	0	1	1	1	0	1	0	0	0	0	0	0
Streptococcaceae	5816	33151	4061	4213	2826	3062	6857	7204	14992	7906	3879	737	6146	1737	761	2212	5664	775	1070	675	4570	1686	4638	13839	856	2199	5048
Lactobacillaceae	4184	11277	1636	2479	2391	2712	5282	25094	10668	4417	801	832	3370	3302	1514	1130	6858	1290	2416	593	5573	607	489	2773	3572	1113	2486
Leuconostocaceae	444	1578	297	170	203	216	402	289	572	199	175	89	320	117	74	99	513	81	169	55	162	52	23	63	26	48	93
Enterococcaceae	3073	10005	1977	1344	4144	2334	13662	3590	9608	3028	1279	1577	3742	1590	1504	1360	7983	3051	1977	2539	2755	1470	285	894	667	1184	1850
Aerococcaceae	392	507	111	85	179	138	489	183	412	138	32	52	253	99	45	103	479	93	62	50	153	44	18	57	21	53	101
Carnobacteriaceae	1320	2409	512	326	1527	1240	4427	1205	4554	1374	171	639	1009	699	560	476	2399	885	762	424	1456	337	285	440	70	318	1137
Halanaerobiaceae	353	424	128	82	164	173	287	175	516	155	30	41	266	153	39	63	391	54	80	56	142	63	27	54	32	77	111
Halobacteroidaceae	334	320	93	39	99	109	172	156	264	109	26	33	197	63	19	43	184	22	28	10	79	46	5	12	11	40	62
Thermoanaerobacteraceae	332	830	192	116	255	223	682	177	670	210	59	170	262	179	99	104	714	150	125	103	225	61	29	61	28	67	130
Thermoanaerobacterales Family III. Incertae Sedis	217	433	139	72	99	158	266	126	443	102	34	73	197	73	39	77	307	56	72	42	185	36	13	65	44	52	99
Thermoanaerobacterales Family IV. Incertae Sedis	24	33	9	8	24	18	129	9	41	1	3	24	16	11	17	2	41	45	13	25	33	27	1	3	3	0	8
Clostridiaceae	214556	616888	167107	90876	197591	289662	437152	157965	564015	169297	41802	98224	223732	100833	57075	80008	390432	104558	71577	40561	224619	113807	19391	50862	15283	30561	363480
Heliobacteriaceae	97	143	29	14	28	46	121	44	159	25	6	46	70	21	11	10	98	41	15	32	65	30	1	9	3	12	17
Syntrophomonadaceae	355	663	150	80	173	208	590	197	694	115	30	165	283	133	74	72	555	162	80	85	172	60	19	52	18	43	105
Lachnospiraceae	369254	1527831	263406	193634	392856	507200	963625	547669	1925010	597441	269820	255371	356485	187001	130709	430191	1104621	164492	192515	80136	894218	131769	73618	258846	81148	102465	638698
Peptostreptococcaceae	9784	12575	2517	1384	4756	7672	15766	8004	24653	6577	925	2983	9547	2189	2154	2445	14295	3540	3083	1380	6306	1362	1422	1686	343	2202	3463
Eubacteriaceae	39147	242393	46580	30695	51387	85579	110853	97393	252778	112362	41261	28790	37917	24868	14054	92411	143664	14963	21772	7428	442910	13766	7620	50157	2158	16110	101857
Peptococcaceae	1900	5166	1136	586	1464	1522	5219	1283	8296	1640	361	1592	1396	1116	583	882	4401	1114	720	485	1855	391	202	581	193	381	1402
Oscillospiraceae	47564	245748	51723	24238	92555	60816	489716	87033	342435	102635	14591	175443	60348	40748	49768	11378	397656	198210	35690	39966	86488	33789	7733	4790	6360	4197	45134
Catabacteriaceae	9917	7768	1862	818	14929	2491	52019	3855	7456	2529	216	3078	10792	2440	4213	400	9885	8182	5215	1685	18640	3534	334	271	1765	1603	2088
Ruminococcaceae	314328	1845264	394622	201448	659025	405646	2428330	1006833	1767838	413396	97123	662369	290008	197460	192222	243594	1953374	528298	218436	153080	640818	135933	41792	110579	36999	62606	281405
Symbiobacteriaceae	4	44	7	5	10	12	61	18	52	0	4	20	11	4	5	3	63	37	2	6	15	5	0	0	1	0	7
Christensenellaceae	27354	29002	6416	3194	14858	15362	70134	22891	20280	2779	1088	11510	22374	5570	14569	614	24576	39697	13770	35907	13317	3154	3110	189	1890	1057	14770
Defluviitaleaceae	98	260	92	41	80	90	246	134	243	55	23	59	95	41	31	35	169	57	25	41	55	22	8	13	5	17	38
Proteinivoraceae	51	73	21	10	23	15	28	18	44	46	3	3	32	12	8	7	39	6	9	1	13	3	0	5	1	3	4
Hungateiclostridiaceae	1564	2953	665	359	1243	1329	3625	1157	3678	1038	163	901	1284	628	546	345	2985	1038	683	567	1142	308	127	248	105	371	1239
Vallitaleaceae	80	148	42	18	67	68	104	67	248	90	7	18	67	46	24	26	174	27	22	13	64	11	6	9	5	10	28
Clostridiales Family XVII. Incertae Sedis	49	162	36	19	37	31	182	28	127	19	5	60	27	12	15	9	180	121	17	19	33	9	7	4	6	12	29
Clostridiales Family XII. Incertae Sedis	16	54	8	3	9	19	70	18	83	15	0	13	15	13	13	5	51	27	20	10	26	6	4	11	0	1	12
Clostridiales Family XIII. Incertae Sedis	1472	4085	1049	527	3278	987	16621	2904	19003	398	205	890	1619	594	1305	539	14553	4794	2584	551	2151	2314	227	547	153	293	765
Clostridiales Family XVI. Incertae Sedis	27	52	12	2	19	24	59	18	89	15	0	23	17	9	12	7	63	20	14	17	20	9	2	7	2	3	14
Candidatus Borkfalkiaceae	141	227	49	24	148	83	494	78	271	132	8	75	101	66	48	25	400	113	55	46	109	167	13	5	17	13	26
Erysipelotrichaceae	29391	95916	29838	13730	89716	47529	141562	331428	319356	176258	10908	8099	40433	40472	18434	16400	72301	15361	33655	8605	58564	9015	3389	75001	15494	9904	32489
Sporomusaceae	835	2346	459	261	427	483	1366	437	1349	329	139	263	647	230	123	261	2025	288	155	162	364	125	52	185	58	185	278
Selenomonadaceae	7869	73130	13314	8241	2231	4563	7497	1926	9938	1543	5254	1533	3808	1122	706	4157	24530	1488	727	640	1718	470	218	3304	891	1713	2154
Acidaminococcaceae	90986	102859	24326	12951	127683	71488	430943	134626	229385	93094	8756	68171	99569	25881	49829	35175	315343	89166	60927	27412	86943	70387	8384	22504	3787	5976	17884
Veillonellaceae	8694	100385	24968	14149	2970	3957	8744	2113	69427	28865	7672	2970	8612	846	807	1462	12690	1151	780	1180	11635	488	949	1117	8518	670	1803
Limnochordaceae	4	20	3	2	11	6	52	10	47	8	2	18	2	6	8	0	53	34	2	5	13	2	0	0	0	0	10
Peptoniphilaceae	1231	1787	484	326	691	616	1125	640	1657	656	112	355	959	414	208	267	1408	228	276	148	739	119	77	179	110	250	2706
Tissierellaceae	191	385	108	74	156	100	290	113	352	142	19	20	155	96	46	56	305	48	65	41	132	75	26	53	38	37	75
Gottschalkiaceae	72	129	52	19	30	37	62	6	59	37	16	5	41	10	12	11	54	11	8	18	18	8	3	10	2	7	15
Thermaceae	33	145	31	9	104	43	430	42	150	35	10	93	36	14	40	11	178	193	30	33	47	15	7	9	2	5	20
Deinococcaceae	139	242	45	15	66	47	452	71	289	33	16	176	107	45	48	19	334	239	31	54	47	24	7	5	4	14	35
Trueperaceae	9	41	2	4	1	14	24	14	55	8	4	22	2	1	8	7	56	35	5	13	8	3	0	1	0	0	9
Chthonomonadaceae	29	84	15	6	21	21	86	29	52	12	5	10	27	20	16	4	89	16	6	20	12	13	2	6	0	4	15
Chloroflexaceae	16	55	12	7	30	14	83	14	29	13	5	12	9	8	5	3	50	20	5	6	12	1	0	8	3	2	10
Oscillochloridaceae	10	68	18	10	11	15	79	24	64	8	3	15	10	8	10	8	60	31	7	14	24	8	3	3	6	2	7
Roseiflexaceae	7	27	7	1	15	1	62	6	36	4	2	13	5	3	5	5	44	16	3	8	13	5	1	1	2	0	6
Kallotenuaceae	12	48	8	2	6	10	59	5	26	10	1	19	8	3	6	5	66	29	3	9	18	6	1	2	3	0	5
Thermomicrobiaceae	2	13	0	2	1	2	16	0	10	1	1	1	1	2	2	1	4	8	2	1	2	2	0	0	0	0	4
Sphaerobacteraceae	2	16	3	1	3	2	21	8	15	0	3	6	1	0	2	0	14	18	3	3	5	3	0	0	0	1	1
Anaerolineaceae	252	686	129	77	247	206	859	180	748	119	37	206	180	100	79	66	701	226	90	116	238	52	26	47	25	47	92
Dehalococcoidaceae	20	117	29	12	24	17	56	14	45	4	4	8	21	6	3	5	45	18	9	12	18	9	3	2	1	6	16
Ktedonobacteraceae	27	43	9	8	45	25	115	33	86	32	13	19	18	7	19	4	83	19	16	13	18	12	4	10	5	4	17
Thermosporotrichaceae	5	26	3	4	5	6	22	7	26	5	1	2	7	5	1	2	40	11	2	2	5	8	0	2	2	1	1
Dictyobacteraceae	17	32	5	4	24	21	66	13	36	5	1	11	4	16	4	4	43	4	6	4	30	2	2	2	1	3	6
Thermogemmatisporaceae	7	24	4	3	1	2	7	0	16	0	2	5	2	2	1	1	19	6	1	0	0	1	0	0	0	0	0
Caldilineaceae	8	32	5	2	10	7	38	15	30	6	2	32	9	3	7	5	59	28	4	11	10	2	1	0	4	1	3
Ardenticatenaceae	3	20	3	1	7	7	16	5	24	2	0	13	2	1	2	2	22	5	3	4	8	1	1	0	0	2	3
Thermoflexaceae	3	12	2	0	6	7	27	2	24	0	0	4	4	3	3	1	15	7	1	6	5	0	0	0	0	0	3
Actinomycetaceae	327	843	144	90	340	244	1998	205	2193	205	95	560	319	124	252	111	1517	1689	184	181	256	70	20	35	20	54	236
Bifidobacteriaceae	827	1995	456	230	961	993	4412	865	3206	716	323	1002	933	399	492	361	3044	1503	579	737	821	220	233	168	78	101	1227
Micrococcaceae	890	10603	1011	945	581	382	3951	553	3422	548	286	670	823	234	248	228	2953	1274	169	234	1014	167	38	155	132	123	452
Cellulomonadaceae	28	214	41	18	44	26	370	31	263	15	7	139	31	13	28	5	210	288	17	36	43	15	4	11	15	2	32
Promicromonosporaceae	33	203	23	11	155	27	573	83	524	100	9	150	55	16	22	27	577	352	12	39	93	19	8	2	3	5	23
Dermatophilaceae	5	6	2	1	2	6	11	3	9	2	1	4	2	0	5	2	17	10	1	2	7	4	0	0	0	0	1
Brevibacteriaceae	20	166	36	5	50	44	301	46	263	24	11	79	22	14	19	17	224	91	14	27	72	36	3	6	6	4	51
Dermabacteraceae	18	121	20	8	31	8	285	30	155	21	7	89	41	10	30	10	243	176	23	30	40	14	7	5	3	3	19
Intrasporangiaceae	47	236	36	20	77	53	424	64	303	51	18	124	39	37	75	47	421	351	47	55	64	19	4	14	4	6	40
Jonesiaceae	8	26	10	3	19	5	48	11	46	7	2	14	6	2	2	1	18	7	4	8	12	0	1	0	3	3	3
Microbacteriaceae	358	1505	297	137	548	433	3118	422	2052	272	134	901	410	229	307	170	2206	1766	199	483	469	194	39	73	54	70	265
Beutenbergiaceae	4	17	3	2	2	4	20	1	21	1	2	9	1	1	2	1	15	9	2	5	3	1	0	0	0	4	2
Dermacoccaceae	7	98	6	5	17	6	118	24	122	10	8	72	11	5	13	12	137	62	9	8	10	14	0	1	1	0	14
Bogoriellaceae	4	42	11	3	9	5	56	5	43	2	2	31	7	7	2	5	53	38	1	5	11	5	0	0	1	1	6
Sanguibacteraceae	9	41	4	1	7	5	88	8	133	12	2	65	10	5	8	2	93	123	5	11	7	4	0	0	0	0	7
Demequinaceae	51	71	10	11	14	22	112	25	129	12	8	42	29	12	17	10	141	95	4	22	25	10	2	1	1	5	12
Ruaniaceae	11	18	3	2	3	5	20	2	26	3	0	17	8	1	3	4	33	22	1	3	2	5	0	0	0	0	6
Corynebacteriaceae	450	1037	175	115	353	292	1574	277	1278	179	74	447	392	178	157	122	1487	652	135	215	298	124	30	76	37	44	178
Mycobacteriaceae	2905	8668	1501	2460	2216	1496	7084	1106	2432	713	429	874	3478	641	440	348	2541	2145	348	1682	695	325	922	157	1002	1936	1169
Nocardiaceae	218	771	152	68	231	171	1313	202	1190	138	67	463	212	91	115	136	1046	724	108	183	215	111	26	30	30	29	127
Gordoniaceae	17	139	37	13	33	13	170	26	138	21	13	41	24	12	11	6	197	109	12	30	39	9	3	7	1	5	13
Tsukamurellaceae	10	68	21	9	22	7	114	10	38	6	3	35	13	10	17	4	46	97	18	17	22	8	3	1	2	2	7
Dietziaceae	7	51	8	1	8	15	27	8	34	1	3	14	6	3	7	5	39	31	2	1	18	3	0	2	1	2	6
Segniliparaceae	1	3	0	1	3	1	4	1	8	0	1	1	1	1	0	0	4	2	0	1	1	1	0	0	0	0	0
Micromonosporaceae	169	611	148	56	178	144	1208	173	902	110	58	535	181	89	133	65	1252	838	82	196	185	65	16	13	17	25	107
Propionibacteriaceae	144	414	68	32	141	485	717	101	479	62	24	313	108	45	60	47	771	380	38	84	86	31	8	20	18	18	158
Nocardioidaceae	104	589	116	49	180	169	1175	170	716	103	46	428	130	77	102	55	839	761	69	147	135	50	7	25	22	12	100
Pseudonocardiaceae	366	1223	248	107	322	216	2325	439	1561	180	86	912	307	164	215	122	1904	1536	156	345	332	108	19	49	41	37	235
Streptomycetaceae	1082	4080	811	424	1399	975	8454	1053	5553	650	306	3386	1014	481	729	451	6436	5820	476	1050	1229	358	89	159	125	125	777
Streptosporangiaceae	65	280	66	31	116	70	640	76	441	46	24	264	56	56	52	28	435	422	32	73	64	25	8	7	11	12	68
Thermomonosporaceae	52	391	45	27	164	403	721	166	618	36	14	802	39	22	36	15	715	672	31	67	443	18	2	11	4	6	33
Nocardiopsaceae	30	168	28	12	39	23	299	50	209	17	21	92	41	24	21	10	155	153	14	37	33	11	3	3	14	2	36
Frankiaceae	47	174	36	13	44	24	272	37	162	28	10	96	57	15	19	16	244	180	16	42	31	10	3	1	2	9	16
Motilibacteraceae	3	6	3	1	6	5	33	5	18	3	0	6	4	2	7	1	16	27	1	2	8	0	0	1	0	0	3
Glycomycetaceae	25	74	15	8	22	16	163	19	114	21	7	54	20	15	20	9	129	103	13	27	14	6	0	0	1	0	12
Actinospicaceae	3	14	3	1	7	6	43	3	21	1	2	12	4	3	5	1	31	18	1	9	4	0	0	0	0	0	4
Catenulisporaceae	3	29	2	3	21	1	102	7	50	12	0	24	4	5	5	7	60	31	0	4	5	2	1	1	1	0	3
Actinopolysporaceae	2	28	6	6	11	10	39	10	35	10	6	13	7	14	3	2	42	15	3	3	15	9	2	5	0	4	8
Kineosporiaceae	7	36	8	5	9	9	72	18	89	7	1	49	17	5	15	2	65	105	6	16	11	1	1	1	6	2	8
Jiangellaceae	12	78	14	8	21	19	170	21	105	13	0	74	9	13	15	14	135	104	7	19	18	14	0	9	0	2	12
Geodermatophilaceae	31	179	30	9	51	42	376	42	192	24	10	166	36	23	30	19	375	217	14	53	29	16	3	2	2	2	32
Nakamurellaceae	8	25	6	3	3	12	41	5	46	0	0	23	9	4	5	1	31	27	0	7	6	0	0	2	0	2	1
Candidatus Nanopelagicaceae	130	76	9	3	8	17	19	15	49	3	2	4	82	10	4	16	65	9	9	7	23	3	1	5	1	12	4
Sporichthyaceae	2	9	6	3	9	4	29	2	19	2	2	12	4	3	3	2	28	30	7	3	1	0	0	0	0	0	3
Acidimicrobiaceae	210	434	109	56	186	123	955	170	601	92	50	235	149	87	108	81	670	340	62	85	149	62	14	42	23	27	110
Iamiaceae	4	12	3	2	6	4	35	3	25	2	1	4	1	1	5	1	17	17	4	4	6	1	0	0	0	0	2
Microthrixaceae	48	113	22	8	39	23	199	24	160	23	10	34	27	16	21	14	86	63	11	20	51	14	4	11	2	12	30
Ilumatobacteraceae	5	27	3	9	4	1	32	4	21	6	0	15	8	3	3	0	26	15	2	3	5	0	0	0	1	1	4
Rubrobacteraceae	13	26	4	5	7	11	74	15	43	7	3	24	19	13	18	2	84	49	24	13	7	1	0	0	2	2	6
Baekduiaceae	4	5	0	0	1	3	19	2	12	0	0	11	1	3	3	1	91	11	1	4	4	0	0	0	0	1	0
Coriobacteriaceae	1220	24478	6417	2557	32311	3356	246667	15272	40893	11528	1816	30045	1809	4080	6811	3072	40553	53060	6126	6400	5795	5010	210	2043	614	201	2195
Atopobiaceae	431	3772	760	292	1014	608	10108	2276	7286	387	286	2301	481	290	562	290	4873	4572	311	580	673	205	35	99	51	48	580
Eggerthellaceae	389	1317	277	158	807	499	5040	1240	3820	614	120	1242	484	388	567	205	2842	3646	504	425	737	200	50	63	35	54	344
Nitriliruptoraceae	4	16	3	0	2	2	14	2	17	2	0	6	3	2	5	0	12	8	3	1	2	3	1	0	0	0	1
Euzebyaceae	13	24	3	3	2	2	43	2	47	0	2	5	14	0	2	1	37	24	1	3	2	1	0	0	0	1	1
Egibacteraceae	1	19	2	5	4	2	25	2	9	0	5	4	2	2	4	1	24	26	0	3	5	0	0	0	1	1	0
Solirubrobacteraceae	4	34	8	3	6	3	46	13	44	4	4	12	5	6	4	3	54	59	4	8	11	2	0	1	0	0	4
Thermoleophilaceae	1	0	0	1	0	3	2	0	2	0	0	2	2	0	1	0	6	4	1	0	0	0	0	0	0	0	1
Mycoplasmataceae	13106	42184	15937	8653	4544	1114	4329	555	2666	959	1681	1505	10391	2680	1116	1314	6579	491	2053	281	3524	231	89	300	380	339	13371
Spiroplasmataceae	184	359	125	67	173	144	293	103	286	117	37	27	153	103	33	73	323	24	64	13	106	23	7	39	23	30	75
Entomoplasmataceae	71	138	64	18	91	43	142	48	126	93	18	10	58	51	17	35	129	16	22	9	48	6	15	11	11	37	53
Acholeplasmataceae	508	1216	421	254	961	313	833	210	463	279	67	32	725	499	97	97	612	43	192	47	309	55	13	49	13	54	170
Anaeroplasmataceae	43	54	14	8	27	40	42	35	99	30	2	10	41	20	3	20	92	4	10	5	31	2	5	13	6	19	7
Nitrospinaceae	44	115	23	4	29	26	126	33	80	17	6	35	40	12	3	25	72	32	8	23	27	4	4	11	7	15	22
Caldisericaceae	0	0	0	0	0	0	0	0	0	0	0	0	0	0	0	1	1	0	0	0	0	0	0	0	0	0	1
Candidatus Cryosericaceae	3	36	2	4	5	4	63	2	9	1	2	3	3	3	1	2	8	5	2	3	6	2	0	0	1	1	3
Blattabacteriaceae	187	156	41	19	59	33	93	41	106	45	18	15	153	33	12	22	176	20	19	9	26	11	3	7	2	21	28
Flavobacteriaceae	9879	11769	3175	1813	6493	5031	13545	4530	13557	5529	1866	1964	6455	3975	1979	3166	13554	2421	2790	1918	5199	1880	1010	2266	1178	2512	3134
Cryomorphaceae	76	190	43	7	81	71	224	94	285	107	7	42	72	105	8	71	331	82	57	58	105	12	8	5	26	12	86
Schleiferiaceae	8	14	4	2	3	3	19	5	13	2	2	3	2	3	3	0	13	4	4	13	12	4	1	4	1	2	2
Crocinitomicaceae	118	221	50	22	88	75	197	99	219	72	33	46	80	76	29	48	223	51	48	43	75	40	14	36	25	43	38
Sphingobacteriaceae	2163	3180	775	400	1633	1427	4064	1234	4571	1350	517	740	1469	1087	604	981	4383	848	801	645	1465	551	231	655	359	539	830
Bacteroidaceae	134653	542518	123170	62858	223463	147724	567120	249680	477340	267056	58289	144132	142284	72862	81679	95212	652851	118915	106081	77624	181710	79610	15920	67718	41277	20112	100375
Rikenellaceae	73244	342233	81841	36891	69979	217529	261566	39081	134726	19322	14068	59061	88038	7632	39000	8160	107298	85340	39030	97347	159400	84333	10532	4669	5472	9129	15867
Porphyromonadaceae	13673	15803	4276	1551	37819	13517	102699	11079	27046	11579	1948	3929	12288	3487	9032	3657	30456	14619	10345	3066	6852	5571	7358	2445	1384	871	4526
Prevotellaceae	1386872	4536136	745593	540007	1888945	1174677	4686736	2851991	8730310	4130455	1544934	976910	544733	1101092	347616	2700308	6739753	495441	426788	155551	2144398	158576	148601	1604263	1359604	344150	653640
Odoribacteraceae	6821	4861	1251	585	3699	2757	7322	3102	10875	6352	1188	1369	4251	4881	2449	2794	35434	3074	3449	1909	2520	1722	344	1159	1342	995	11087
Balneicellaceae	10	18	2	2	14	7	41	10	40	9	5	7	6	7	1	12	40	4	4	3	14	11	1	6	2	5	11
Muribaculaceae	9844	99274	25624	10572	35806	7428	107206	17671	31252	17441	6470	22585	10343	6334	14723	9527	75132	30576	16463	2938	30047	2771	2353	4662	1855	2433	15559
Barnesiellaceae	315	610	152	79	691	525	2167	692	1346	537	80	248	258	127	167	167	2034	290	189	101	367	390	85	80	54	131	244
Dysgonamonadaceae	1063	1865	361	223	1231	1012	3615	780	3506	989	387	637	784	758	349	684	3374	571	444	497	1209	630	153	442	190	270	699
Paludibacteraceae	173	274	67	39	297	182	718	160	617	166	105	117	132	111	66	136	449	97	85	86	154	99	39	99	30	38	147
Tannerellaceae	17735	23805	4941	2808	28028	25877	45857	20785	61660	22761	5554	7254	10249	13249	4532	19410	59799	4996	7175	3493	19704	15029	3951	10440	17489	4489	17917
Marinilabiliaceae	457	490	121	74	384	291	974	175	859	258	86	126	255	189	128	164	795	199	170	131	227	138	55	107	39	99	180
Prolixibacteraceae	373	802	143	83	473	389	1347	360	1222	323	158	221	292	233	180	219	1092	315	234	187	488	214	71	138	39	87	225
Marinifilaceae	99	166	44	17	93	74	238	52	178	100	15	36	64	48	15	52	188	38	32	15	79	40	12	32	7	24	53
Cytophagaceae	702	1488	312	175	728	599	2197	493	1886	501	256	372	506	430	283	388	2111	452	308	268	680	244	80	271	183	210	326
Flammeovirgaceae	510	654	164	75	387	214	860	341	716	206	85	112	362	166	105	183	779	176	164	102	291	102	55	120	55	100	140
Cyclobacteriaceae	486	863	224	102	419	391	981	285	995	303	126	168	311	237	129	228	1136	198	181	204	326	156	49	116	76	108	189
Amoebophilaceae	27	72	22	2	27	25	54	9	63	27	8	6	15	28	23	3	43	21	26	13	22	11	8	1	15	11	11
Hymenobacteraceae	316	941	166	101	560	349	2048	360	1331	274	138	360	253	224	220	241	1682	488	186	249	416	141	42	161	54	79	184
Microscillaceae	32	75	23	6	57	46	103	23	112	21	14	24	24	45	24	10	146	32	55	25	41	14	4	6	10	5	34
Bernardetiaceae	29	89	29	17	58	34	120	53	95	29	9	7	37	25	35	20	102	39	45	22	26	25	5	18	9	12	25
Rhodothermaceae	64	139	26	15	77	37	279	31	134	32	5	54	49	19	24	16	156	101	22	39	53	11	6	18	6	7	23
Chitinophagaceae	1670	2286	536	293	1205	883	3570	868	3125	773	317	538	1047	573	443	572	3099	758	501	485	1142	415	124	366	171	326	526
Saprospiraceae	133	159	45	17	163	74	439	116	263	86	21	50	95	72	17	54	290	50	39	41	80	40	12	19	24	27	38
Lewinellaceae	47	108	25	16	187	65	613	34	204	44	30	55	39	25	25	36	200	78	38	61	73	35	7	13	5	11	37
Haliscomenobacteraceae	10	37	13	7	30	29	67	23	62	19	34	6	11	7	9	13	74	9	4	8	16	9	2	10	8	1	17
Chlorobiaceae	77	242	40	30	73	75	256	71	256	53	21	49	66	29	39	33	290	90	44	35	95	27	8	26	29	26	46
Candidatus Thermochlorobacteriaceae	20	33	6	7	38	24	92	23	28	7	4	6	16	2	5	2	33	8	10	9	11	15	2	2	0	2	7
Ignavibacteriaceae	96	47	9	4	51	29	116	46	57	32	1	14	58	21	15	22	75	25	17	15	14	7	13	3	4	18	33
Melioribacteraceae	22	80	26	9	20	14	54	16	67	11	19	6	23	10	7	10	45	10	10	7	47	4	13	5	6	14	3
Rubricoccaceae	7	28	7	4	9	6	53	9	32	5	5	17	6	3	3	6	34	17	1	20	13	4	0	1	1	1	1
Balneolaceae	93	131	16	10	44	58	115	21	187	44	7	12	55	27	15	22	218	17	16	17	44	17	4	10	10	19	30
Nostocaceae	504	790	208	118	289	235	604	201	715	234	76	70	364	159	48	126	597	76	66	42	185	124	38	143	94	95	159
Scytonemataceae	214	185	61	32	39	35	72	21	111	60	7	11	154	16	12	6	49	31	11	4	53	5	2	15	5	14	7
Tolypothrichaceae	43	59	14	12	8	9	48	9	98	33	3	5	45	24	4	21	87	23	6	2	53	5	0	2	3	6	2
Symphyonemataceae	4	44	9	8	3	5	6	1	9	18	2	0	11	4	1	1	28	1	3	0	1	0	2	0	2	2	0
Aphanizomenonaceae	202	348	68	39	65	61	138	78	240	110	34	83	126	39	14	41	224	22	18	31	68	13	9	15	26	84	20
Chlorogloeopsidaceae	99	48	3	5	9	7	32	1	53	3	0	1	55	4	5	5	36	2	3	1	6	1	1	0	1	5	1
Hapalosiphonaceae	139	250	66	39	105	54	199	50	214	71	41	34	101	23	72	30	252	115	109	22	59	27	4	15	10	26	54
Fortieaceae	41	40	3	4	5	7	41	32	69	5	1	0	8	1	0	1	5	0	1	3	1	1	1	0	3	3	3
Calotrichaceae	289	392	92	43	142	91	308	139	305	97	52	50	207	69	45	54	261	40	40	17	127	47	9	55	30	30	46
Dermocarpellaceae	47	38	8	3	4	10	19	3	27	6	1	3	45	8	0	8	55	1	3	0	5	2	0	3	1	8	3
Hyellaceae	17	35	11	4	29	49	130	14	59	12	4	4	23	5	10	8	33	18	8	0	24	9	1	2	4	6	4
Gloeobacteraceae	3	25	8	4	8	7	53	5	37	4	5	25	5	2	9	3	55	19	8	11	12	3	0	2	1	1	5
Prochloraceae	185	250	88	36	103	75	158	60	205	109	22	32	166	63	16	18	202	20	32	36	90	18	9	36	16	27	59
Synechococcaceae	87	395	82	46	160	105	640	127	444	71	47	147	88	88	77	39	476	252	58	57	156	38	13	33	21	33	76
Merismopediaceae	34	47	7	5	16	8	101	5	50	4	1	5	17	7	4	5	33	9	5	3	37	4	1	1	2	7	3
Acaryochloridaceae	61	38	2	8	8	19	24	14	22	5	4	6	37	8	5	12	73	7	9	8	22	21	0	4	4	15	2
Pseudanabaenaceae	78	165	29	25	45	35	151	30	109	29	37	12	49	22	11	24	176	20	8	18	71	8	4	15	31	4	32
Leptolyngbyaceae	96	251	50	27	79	67	344	52	201	79	15	69	86	64	28	24	262	69	47	26	70	27	2	33	9	16	25
Prochlorotrichaceae	6	26	6	1	4	4	7	0	7	3	1	0	3	1	0	1	15	3	0	0	4	0	0	0	5	0	3
Spirulinaceae	27	67	11	5	40	36	67	18	35	21	5	10	9	3	1	5	30	11	10	3	20	11	2	8	5	4	12
Chroococcidiopsidaceae	8	137	37	21	2	33	7	9	49	27	7	4	5	7	0	4	2	5	0	1	42	0	2	5	3	5	3
Gloeomargaritaceae	0	7	2	1	0	0	10	2	4	1	0	3	1	1	0	1	5	6	0	1	3	0	0	1	0	1	0
Microcystaceae	209	147	36	27	37	35	75	13	109	21	12	13	91	18	22	14	86	26	22	12	28	4	4	1	3	10	21
Aphanothecaceae	128	73	21	16	26	29	66	17	70	34	7	9	97	13	11	19	88	13	11	5	43	4	6	14	3	17	17
Cyanobacteriaceae	10	50	17	8	30	8	72	20	33	16	7	2	14	13	4	13	16	8	2	3	18	1	6	4	3	7	4
Chroococcaceae	75	50	19	11	39	23	58	86	48	15	6	2	73	16	9	18	66	8	15	6	10	9	1	6	4	11	12
Entophysalidaceae	4	33	9	8	3	6	6	1	5	7	2	1	2	8	2	1	5	1	0	2	4	2	4	0	0	3	0
Cyanothecaceae	87	42	7	6	18	9	37	8	33	5	10	14	38	8	8	22	81	9	9	1	26	5	5	4	5	17	5
Coleofasciculaceae	32	17	3	5	15	12	34	6	17	6	0	5	12	3	2	2	47	4	5	3	14	10	1	0	1	3	3
Microcoleaceae	439	444	107	60	155	208	291	249	411	172	44	59	268	84	26	155	413	56	40	55	123	30	39	40	31	105	68
Oscillatoriaceae	411	489	108	53	291	255	512	175	466	152	33	67	271	116	54	108	529	102	68	71	248	42	24	71	17	126	64
Gomontiellaceae	0	27	0	5	9	2	20	3	6	0	1	1	2	2	2	4	29	13	1	5	0	1	0	2	1	1	1
Desertifilaceae	3	5	3	0	4	4	11	3	15	3	0	1	2	3	1	1	13	3	5	2	1	0	0	0	0	0	0
Candidatus Babeliaceae	5	11	3	2	28	10	22	0	11	7	2	3	9	2	1	1	16	0	2	3	6	2	0	2	1	0	4
Thermococcaceae	104	131	25	21	45	69	149	37	164	22	16	33	73	25	32	20	136	43	26	27	42	22	3	6	2	7	22
Archaeoglobaceae	27	44	17	5	35	39	72	27	131	14	5	12	14	9	13	7	74	21	14	10	23	13	11	9	2	5	5
Methanopyraceae	2	0	0	0	1	1	3	1	2	2	0	3	0	0	0	0	4	1	0	0	0	0	0	0	0	0	1
Candidatus Methanollivieraceae	3	7	1	0	0	0	7	2	3	2	0	4	3	1	0	0	4	2	0	0	1	2	1	5	1	0	0
Methanobacteriaceae	8640	12354	4285	1986	4316	11630	5759	2788	24427	500	593	312	15469	4437	3160	311	4442	2331	5387	2671	3418	1713	2590	299	374	1436	3095
Methanothermaceae	2	3	0	0	8	1	11	3	2	0	1	2	2	2	0	0	1	0	1	0	4	1	1	0	0	0	0
Methanococcaceae	113	94	31	25	10	34	20	38	57	22	4	8	86	15	8	7	19	4	15	5	35	6	17	15	15	13	13
Methanocaldococcaceae	91	48	15	3	29	15	35	73	39	21	2	7	36	15	4	11	31	5	7	3	24	2	3	25	3	8	16
Picrophilaceae	3	2	2	4	0	2	4	0	4	3	0	4	2	2	0	4	11	1	3	0	3	0	1	0	0	1	2
Thermoplasmataceae	5	13	3	4	8	3	14	4	9	0	1	2	2	2	2	0	9	5	0	0	2	1	0	0	0	2	2
Ferroplasmaceae	8	21	2	3	0	8	3	1	11	7	2	1	8	1	2	5	4	2	2	2	1	2	1	3	0	0	3
Cuniculiplasmataceae	0	1	0	0	0	0	0	3	0	0	0	0	1	0	0	0	3	0	0	1	1	1	0	0	0	0	0
Methanomassiliicoccaceae	586	6167	1074	522	210	814	768	48	4693	82	208	64	555	3262	669	50	1365	2713	507	1813	190	26	3	10	44	94	2598
Candidatus Methanomethylophilaceae	6	28	5	3	9	140	20	2	159	3	0	864	9	6	7	0	13	20	8	18	4	0	0	0	0	4	4
Candidatus Poseidoniaceae	1	0	0	0	0	1	0	0	0	0	0	0	0	1	0	0	0	0	0	0	0	0	0	0	0	0	0
Halobacteriaceae	34	128	23	15	34	34	247	31	162	21	7	61	32	14	18	5	151	123	5	24	45	14	4	4	2	3	19
Haloarculaceae	95	127	23	18	40	21	278	31	167	23	10	92	56	9	20	12	144	107	8	21	34	9	3	7	6	3	32
Halococcaceae	0	1	1	0	1	0	4	3	5	1	0	3	1	0	1	0	7	21	1	2	2	2	0	0	0	0	1
Haloferacaceae	134	161	31	22	81	97	333	83	210	7	15	77	78	21	13	19	184	110	18	30	55	19	9	4	5	7	21
Halorubraceae	38	150	30	30	198	38	570	28	156	53	10	67	64	23	34	6	238	177	26	65	41	18	6	6	4	0	16
Natrialbaceae	44	148	33	12	58	63	261	53	221	45	20	91	56	14	23	21	265	184	24	41	45	13	8	6	6	6	41
Methanomicrobiaceae	34	154	24	16	37	71	151	18	307	41	15	930	53	20	15	11	197	41	22	25	48	12	5	13	2	11	18
Methanocorpusculaceae	70	250	42	29	49	44	139	51	152	12	3	35	65	39	43	11	213	86	61	82	40	51	5	7	18	20	92
Methanospirillaceae	7	0	0	0	1	4	2	0	7	7	1	0	1	0	1	6	1	0	0	0	2	1	0	1	1	4	0
Methanoregulaceae	34	127	40	16	75	51	268	32	109	17	6	53	43	19	21	5	89	68	27	35	57	22	1	9	4	5	21
Methanosarcinaceae	339	409	85	58	147	196	369	132	425	121	44	68	231	85	62	66	365	63	77	51	150	51	24	52	37	93	83
Methanotrichaceae	15	46	7	5	14	21	90	24	85	10	2	16	14	10	7	5	79	45	9	12	36	11	3	2	0	2	11
Methermicoccaceae	0	0	0	0	0	0	0	1	0	0	0	0	0	0	0	0	0	0	0	0	0	0	0	0	0	0	0
Candidatus Methanoperedenaceae	8	42	12	4	6	8	27	7	33	22	6	4	12	11	1	1	23	5	6	3	10	1	0	5	0	3	5
Methanocellaceae	12	70	38	8	17	8	18	10	21	0	3	6	12	6	3	0	21	14	11	3	6	5	0	0	0	0	13
Thermoproteaceae	67	50	9	6	24	19	120	17	34	9	0	11	29	14	11	11	50	25	6	5	14	4	2	1	6	3	6
Thermofilaceae	0	15	3	2	1	2	19	3	3	1	0	1	0	1	1	1	13	0	0	1	2	1	0	0	0	4	1
Sulfolobaceae	97	143	56	29	61	37	137	42	136	55	12	12	63	15	18	19	113	16	27	13	29	12	9	7	4	8	22
Desulfurococcaceae	7	27	9	3	26	33	52	6	36	8	1	7	1	20	5	7	31	8	4	4	5	3	3	1	2	1	6
Pyrodictiaceae	4	11	1	1	0	0	5	2	5	3	0	1	0	0	0	3	16	0	1	0	3	0	1	0	2	0	2
Fervidicoccaceae	2	0	0	0	10	7	34	2	1	1	0	0	0	0	0	0	0	0	0	0	0	1	0	0	0	0	1
Caldisphaeraceae	6	5	1	0	2	3	5	0	5	7	1	0	1	2	1	0	4	1	0	2	2	0	0	0	2	1	0
Acidilobaceae	2	5	3	0	8	5	10	42	7	3	1	0	4	4	0	7	8	6	3	2	8	1	1	3	0	1	1
Nitrosopumilaceae	13	78	24	14	31	59	80	28	62	21	6	19	21	15	9	24	83	9	14	13	41	20	1	14	5	8	16
Cenarchaeaceae	0	2	1	0	0	0	3	0	4	0	0	2	0	1	5	0	2	24	1	0	0	0	0	0	0	0	1
Nitrososphaeraceae	32	75	21	9	19	16	69	28	57	77	8	13	23	12	5	8	74	5	9	14	51	8	2	4	16	5	13
Candidatus Nitrosocaldaceae	2	7	2	0	2	0	4	10	0	1	1	0	1	0	1	0	3	2	1	0	0	0	0	0	0	0	0
Candidatus Methanomethyliaceae	0	10	2	0	1	1	1	1	5	1	0	0	0	0	0	0	1	0	1	0	1	1	0	0	0	0	1
Nanoarchaeaceae	2	0	0	0	6	1	3	0	0	0	0	0	2	0	0	0	2	0	0	0	21	0	0	4	0	1	0
Nanopusillaceae	5	0	1	0	2	0	0	0	2	1	0	1	4	2	1	0	1	0	1	0	1	0	0	1	0	0	0
