SRR1927149	SRR1929408	SRR1929484	SRR1929485	SRR1929563	SRR1929574	SRR1930121	SRR1930122	SRR1930123	SRR1930128	SRR1930132	SRR1930133	SRR1930134	SRR1930136	SRR1930138	SRR1930140	SRR1930141	SRR1930142	SRR1930143	SRR1930144	SRR1930145	SRR1930149	SRR1930176	SRR1930177	SRR1930179	SRR1930187	SRR1930244
Caudovirales	4491	88551	31212	13842	1447	1246	12003	7962	26486	6746	34701	13272	2900	521	2317	8391	41449	1116	3600	162	34502	26098	20397	1004	3734	117	3225
Herpesvirales	8	12	6	1	4	6	11	1	46	3	1	5	5	8	6	4	10	9	5	5	6	2	1	0	2	1	2
Ligamenvirales	0	1	0	0	0	2	1	1	5	0	0	0	0	0	0	0	0	0	2	0	0	1	0	0	0	0	1
Ortervirales	0	0	0	0	2	0	1	52	5	1	0	0	2	1	1	0	3	1	0	0	1	4	0	0	1	0	0
Nidovirales	4	0	1	1	1	1	0	1	0	0	0	0	1	0	0	0	1	0	0	0	1	1	0	0	0	1	0
Picornavirales	51	1	1	0	8	2	24	4	5	0	0	2	17	1	2	0	11	2	0	0	1	2	0	1	0	3	6
Tymovirales	4	0	0	0	3	5	11	0	0	1	0	0	9	1	1	0	1	3	0	0	5	0	0	0	0	0	0
Mononegavirales	2	4	3	0	4	1	1	0	4	0	0	0	0	0	0	0	3	1	2	4	1	2	0	0	0	0	0
Bunyavirales	6	9	2	1	2	0	2	0	1	8	1	0	7	1	1	3	4	0	0	0	6	1	0	0	1	0	0
Articulavirales	0	0	0	0	0	0	0	0	2	0	0	0	0	4	0	0	0	0	0	3	0	0	1	0	0	0	0
Primates	3276	3352	985	569	1549	1342	2652	1462	3406	1409	471	475	2308	920	552	662	3015	654	856	383	1690	582	364	576	343	823	1055
Chytridiales	13	34	3	6	38	9	65	12	44	4	6	5	8	9	1	6	28	14	9	13	12	4	2	0	2	6	14
Spizellomycetales	57	73	14	10	15	16	46	33	84	31	6	5	44	14	7	11	64	10	10	11	35	9	1	4	2	16	19
Rhizophydiales	76	138	32	26	54	50	144	22	86	36	20	15	62	30	9	24	115	33	16	16	64	12	11	16	3	13	19
Rhizophlyctidales	94	49	13	4	32	13	79	18	52	10	8	7	62	8	3	9	74	4	5	6	16	2	4	4	3	15	5
Caulochytriales	9	24	1	1	13	6	44	7	24	1	2	24	3	1	6	3	28	21	5	8	13	1	0	0	0	0	8
Synchytriales	88	32	2	1	7	24	20	3	45	6	4	5	48	6	5	1	31	6	11	2	17	5	3	2	1	9	8
Monoblepharidales	29	52	4	8	18	6	32	11	39	7	7	6	17	14	7	7	52	17	11	11	6	5	2	6	3	6	9
Neocallimastigales	681	777	329	191	446	416	336	609	565	450	97	65	472	268	65	177	626	72	141	61	333	178	93	167	75	218	237
Blastocladiales	26	55	16	9	13	21	73	11	94	17	3	27	12	5	3	8	73	33	7	10	11	27	0	9	2	3	21
Glomerales	3584	4018	1475	814	1879	1433	2306	2284	3110	2092	583	345	2565	1196	412	857	2993	407	798	323	1992	581	462	729	493	1104	1121
Diversisporales	4543	4822	1927	1083	2697	2110	3312	2834	4228	3011	728	535	3313	1636	702	1068	4097	668	1227	490	2478	711	648	1014	659	1129	1476
Endogonales	0	35	4	5	6	5	23	5	32	5	1	4	2	5	1	3	12	1	1	4	6	3	1	0	0	6	6
Mucorales	2913	2667	945	580	1968	1127	2840	1866	2886	1451	275	365	2414	1088	355	590	2831	397	434	294	1205	499	303	494	338	1185	764
Mortierellales	110	224	64	51	109	103	286	48	268	95	61	20	122	85	117	56	264	105	163	20	97	44	13	75	15	13	62
Zoopagales	106	167	33	15	81	49	280	42	242	31	10	34	41	34	21	10	141	57	29	16	61	20	9	14	5	12	36
Kickxellales	18	44	24	9	18	10	45	6	106	6	3	4	13	6	2	2	115	11	6	3	14	3	0	6	2	2	4
Dimargaritales	28	68	18	6	16	23	49	8	23	22	7	6	21	5	5	6	44	12	5	7	23	6	3	6	0	1	19
Harpellales	1448	1613	622	342	995	683	1241	751	1386	826	197	142	1054	501	178	352	1381	201	346	157	807	267	196	333	178	404	468
Entomophthorales	854	866	311	158	521	374	923	396	981	500	163	155	609	259	123	203	840	149	194	98	493	164	94	148	126	187	253
Schizosaccharomycetales	41	73	28	16	35	28	59	20	115	65	10	9	37	21	5	29	82	12	9	7	28	32	4	19	6	35	19
Taphrinales	109	102	27	11	36	61	157	90	94	26	7	7	80	10	19	11	113	41	22	24	32	21	4	11	17	9	19
Neolectales	1	25	17	3	8	4	17	9	25	4	2	4	3	3	2	7	56	2	2	8	1	9	2	8	1	1	2
Saccharomycetales	13197	15140	4533	2564	7463	5650	13884	6272	15116	7017	2080	2143	9442	3929	1937	3121	14297	2828	3007	1525	7461	2094	1354	2699	1314	2573	3878
Pezizales	824	1262	343	217	747	610	1813	517	1514	573	143	250	635	396	157	278	1295	284	254	172	654	211	91	176	99	187	345
Orbiliales	416	709	238	129	288	315	494	487	736	397	97	102	418	242	140	148	684	167	263	71	349	108	37	129	50	202	162
Chaetothyriales	318	870	186	113	477	337	1446	322	1032	282	74	194	269	155	122	173	947	297	133	169	283	93	52	93	59	129	159
Verrucariales	71	49	17	12	25	13	54	23	57	23	7	15	45	14	6	12	51	15	11	6	31	13	3	13	1	7	20
Phaeomoniellales	24	70	15	7	16	12	42	7	37	27	6	15	20	5	5	17	60	24	11	4	58	4	16	5	0	14	8
Eurotiales	3978	5844	1877	1048	2960	2140	5484	2000	5573	2571	763	938	2902	1617	795	1163	5573	1329	1300	654	2370	834	536	839	470	883	1523
Onygenales	1158	1627	544	297	815	599	1643	451	1587	885	208	223	981	532	226	292	1507	348	314	194	739	311	151	295	110	275	399
Ostropales	10	21	1	1	8	12	29	7	5	2	2	5	9	10	6	3	24	7	13	9	12	1	0	0	0	0	4
Lecanorales	461	423	134	87	225	193	335	148	356	268	46	75	325	125	54	83	417	104	93	55	179	80	30	69	50	82	127
Teloschistales	120	91	47	20	77	41	91	39	72	62	13	17	60	35	3	40	204	8	18	4	59	9	7	18	17	12	28
Umbilicariales	48	82	19	9	77	27	197	30	126	33	4	25	30	17	17	18	88	30	14	9	70	12	12	5	4	19	10
Geoglossales	1911	3305	720	381	1422	973	4984	1237	4496	1048	396	1282	1450	757	669	703	4407	1986	640	746	1206	546	157	416	188	467	705
Xylonales	11	28	10	3	13	8	29	13	46	8	3	3	10	24	2	8	19	6	3	3	3	4	1	3	2	4	9
Symbiotaphrinales	7	23	9	3	8	11	25	7	9	6	0	11	4	1	5	3	19	8	1	1	10	6	2	1	1	1	6
Arthoniales	99	38	6	8	27	7	59	10	74	5	7	5	64	11	11	9	98	14	8	7	13	4	1	5	1	9	5
Patellariales	41	53	16	6	14	15	44	6	41	37	5	5	39	2	7	3	39	15	5	5	35	8	3	7	2	5	15
Botryosphaeriales	403	764	161	85	291	202	924	230	919	234	103	230	298	190	121	120	801	324	153	109	259	105	22	66	127	144	147
Microthyriales	41	42	15	6	18	23	44	9	70	27	9	5	26	20	15	10	55	19	18	11	21	6	1	17	9	3	16
Trypetheliales	20	60	11	5	6	9	41	17	43	14	2	3	17	6	8	4	25	7	4	2	15	4	5	2	2	3	7
Acrospermales	12	53	11	4	4	4	11	10	32	4	7	4	16	0	1	11	51	1	6	3	12	2	2	2	2	7	0
Venturiales	373	596	205	93	280	224	662	264	751	320	68	138	265	147	89	153	628	160	140	125	247	144	34	116	34	71	152
Phaeotrichales	6	14	4	1	5	8	34	8	25	4	0	6	1	5	5	2	19	4	6	3	5	3	0	0	2	3	1
Dothideales	185	210	54	22	78	74	288	62	287	82	23	40	93	52	44	62	338	99	32	49	113	38	11	26	6	19	34
Myriangiales	58	113	19	11	66	57	172	32	179	64	8	40	61	17	25	24	188	43	49	26	65	27	7	10	28	37	26
Capnodiales	1968	2958	449	255	1318	1532	4253	568	3052	1547	444	476	798	726	248	351	3188	595	701	240	1755	291	161	655	116	231	307
Pleosporales	1857	2501	646	363	1330	1110	3454	942	3139	1036	332	663	1357	569	434	607	3251	918	545	381	1427	373	141	507	189	349	550
Mytilinidiales	96	106	34	18	73	51	250	33	165	46	24	47	73	28	13	21	140	55	25	21	141	20	5	25	11	6	56
Erysiphales	1029	1091	448	250	469	603	799	540	1252	584	154	285	684	419	230	304	932	289	413	144	786	268	75	334	157	301	396
Helotiales	4222	4752	1509	905	2758	2151	4398	2419	5000	2765	702	685	3080	1421	660	1147	4641	871	1116	542	2878	845	371	885	524	1059	1384
Hypocreales	6963	8551	2523	1401	4519	3284	9632	3516	9385	4062	1100	1770	5148	2228	1247	1976	9662	2596	1882	1156	3840	1488	565	1423	722	1462	2133
Microascales	927	1455	401	227	742	547	1464	479	1510	550	193	277	660	356	169	272	1583	324	264	169	602	156	85	200	132	189	252
Coronophorales	2810	6261	1398	708	2381	2150	9385	2042	7894	1683	615	2597	2280	1093	1046	987	8525	4013	1008	1373	2365	773	232	512	368	607	1189
Glomerellales	2434	3095	933	476	1401	1189	2825	1157	3156	1415	373	614	1737	778	435	591	3449	790	635	357	1460	545	182	522	210	641	770
Diaporthales	1334	1037	308	168	529	415	1083	372	1169	499	126	216	845	325	179	242	1136	398	353	158	505	173	52	182	97	253	325
Phyllachorales	138	615	77	231	44	130	133	22	74	37	23	23	131	18	8	35	104	23	8	25	34	5	32	7	24	87	48
Sordariales	2470	4085	1138	632	2084	1541	4927	1678	4637	1851	576	1041	1937	1055	640	762	4712	1514	827	598	1983	618	221	606	292	506	942
Ophiostomatales	890	1436	370	192	512	459	1601	546	1440	461	174	445	702	296	215	275	1749	620	227	204	578	191	64	197	124	238	314
Coniochaetales	208	123	29	10	43	65	161	65	121	59	12	29	162	34	11	44	174	56	26	26	55	13	2	42	13	26	16
Magnaporthales	477	1516	334	366	488	397	1057	279	964	409	118	236	417	280	166	215	969	349	235	146	498	170	118	120	82	236	228
Togniniales	141	36	8	3	23	38	51	16	57	41	1	11	99	8	5	4	55	14	8	5	53	0	2	11	12	6	5
Xylariales	3959	7183	1853	1318	2257	1624	2827	2456	3366	2336	568	623	2914	1220	450	987	3749	674	777	399	2149	699	344	819	319	784	1156
Herpomycetales	17	16	5	6	10	5	26	4	26	4	1	1	22	2	3	3	10	3	6	0	6	3	0	2	0	4	0
Tremellales	769	809	178	99	279	337	885	211	776	302	71	178	471	169	107	129	1126	299	144	122	331	118	32	78	37	77	122
Cystofilobasidiales	23	116	34	21	22	41	87	26	167	23	13	42	32	19	17	20	113	36	22	8	27	11	0	6	1	3	11
Filobasidiales	55	77	24	14	51	41	148	27	144	79	14	22	36	21	18	29	86	44	32	10	32	13	3	18	27	17	33
Holtermanniales	9	33	13	5	29	12	120	13	41	9	2	11	13	3	4	1	29	19	7	6	12	5	4	3	1	2	14
Trichosporonales	357	1510	176	95	870	203	2393	214	1746	189	92	294	263	110	138	84	2115	436	142	133	320	142	37	81	46	47	158
Auriculariales	56	174	35	21	53	76	223	55	197	60	13	50	61	26	38	53	328	109	29	55	51	24	8	18	8	10	28
Polyporales	462	948	218	97	405	293	1480	279	1461	427	111	368	375	170	195	179	1177	531	186	184	406	126	38	123	94	116	186
Cantharellales	313	736	164	99	240	232	731	270	760	239	67	207	273	156	84	121	787	227	103	110	282	110	24	86	73	61	174
Thelephorales	101	268	37	50	31	50	62	17	89	13	7	17	64	20	17	9	71	20	14	14	35	18	6	16	4	7	17
Hymenochaetales	92	248	66	49	118	59	271	55	196	53	16	39	77	38	35	36	201	59	32	30	77	21	15	19	6	15	54
Sebacinales	122	117	22	22	28	53	67	31	88	12	10	17	88	21	11	4	75	14	8	16	113	15	6	16	6	32	13
Corticiales	46	43	13	3	9	33	31	12	47	11	2	14	43	7	9	1	57	33	15	10	16	5	3	2	6	9	5
Gloeophyllales	29	59	17	6	21	28	124	26	85	24	4	21	22	16	13	9	61	17	13	13	27	11	3	17	5	11	18
Russulales	584	1361	297	186	441	365	1151	267	1075	363	117	278	448	169	154	215	1060	362	166	138	446	134	34	148	73	85	194
Trechisporales	36	34	7	8	8	9	24	4	42	6	4	3	19	9	8	4	23	9	5	4	10	0	2	0	0	3	4
Agaricales	2375	6359	1178	654	2122	1708	5408	1567	5403	1958	538	884	1932	942	773	877	4999	1314	1013	547	2123	557	254	670	421	654	927
Boletales	765	1542	430	445	486	466	1296	407	1484	411	151	282	555	283	174	234	1208	300	253	164	472	137	83	172	93	258	216
Atheliales	149	147	44	14	58	75	177	61	160	87	19	23	100	33	28	59	250	48	42	15	103	23	10	28	9	32	39
Jaapiales	8	38	4	2	2	11	28	10	40	9	5	8	5	3	1	16	105	4	2	18	6	2	3	3	2	2	3
Amylocorticiales	28	16	4	4	20	5	78	4	28	1	6	9	17	4	22	3	15	14	10	5	18	5	3	1	0	3	5
Geastrales	64	131	51	23	50	33	73	30	94	34	8	12	57	28	11	27	108	26	15	22	51	22	9	5	6	12	18
Gomphales	248	853	269	113	213	132	418	239	272	158	69	60	155	55	22	71	299	58	27	39	155	54	7	73	35	31	49
Dacrymycetales	63	86	20	7	34	19	119	29	105	15	14	24	32	17	6	8	63	33	9	8	26	12	1	14	19	4	12
Agaricostilbales	6	14	2	1	4	3	15	0	16	3	1	7	1	1	1	23	55	8	3	1	1	0	0	7	0	1	4
Microbotryales	18	38	7	6	5	12	39	4	75	12	2	11	18	4	9	7	66	8	4	11	18	1	2	9	2	25	6
Leucosporidiales	17	53	12	6	22	5	68	9	43	12	8	10	10	6	10	5	53	35	7	6	25	3	0	9	1	3	9
Sporidiobolales	121	269	49	32	141	107	534	76	362	38	18	94	104	56	58	21	248	225	44	89	113	58	5	12	8	15	56
Kriegeriales	5	5	1	0	6	3	24	1	23	1	0	6	3	5	3	0	9	13	1	2	7	3	0	0	1	2	2
Pucciniales	6356	7565	2640	1568	3858	2975	5240	3035	6525	3944	997	880	4662	2165	892	1635	6341	1043	1557	606	3685	1190	695	1482	821	1828	1826
Cystobasidiales	134	68	19	14	30	13	95	19	57	8	3	9	65	6	10	3	46	8	2	10	33	10	2	2	1	6	8
Erythrobasidiales	127	72	14	7	30	15	90	24	67	33	16	24	89	10	16	11	80	24	12	8	17	13	2	21	4	5	11
Mixiales	5	4	1	1	4	0	8	9	17	1	0	2	3	8	2	1	1	0	0	2	1	0	0	1	0	0	0
Ustilaginales	149	386	64	36	225	125	912	140	571	82	28	143	205	63	54	63	436	278	63	62	146	63	16	54	19	68	49
Violaceomycetales	18	29	10	3	34	11	95	10	93	5	3	13	9	21	33	8	47	39	46	6	13	2	1	7	25	3	14
Exobasidiales	40	142	34	21	70	49	167	36	124	25	20	12	23	42	12	33	146	25	15	12	21	14	7	13	4	9	37
Entylomatales	12	41	9	5	13	6	41	2	52	5	3	7	8	2	4	17	79	24	0	6	7	1	0	2	1	1	4
Tilletiales	41	128	32	12	45	50	124	20	149	25	26	30	54	19	17	26	146	65	19	20	45	18	1	25	12	9	34
Microstromatales	13	29	11	2	9	12	28	14	31	5	1	4	7	3	1	1	46	18	14	5	19	9	1	1	1	2	14
Ceraceosorales	12	40	7	5	21	15	66	13	39	7	9	12	8	5	3	20	55	16	9	5	16	5	2	10	2	1	11
Golubeviales	7	34	15	7	14	5	33	22	40	24	14	8	11	7	5	2	36	10	12	4	16	5	10	7	1	1	6
Malasseziales	65	217	58	19	42	49	289	40	239	23	24	76	43	18	24	19	232	133	27	34	84	17	13	7	29	33	34
Wallemiales	6	39	10	4	5	6	13	97	32	5	3	8	5	2	9	5	16	7	12	4	13	8	1	6	4	6	6
Geminibasidiales	3	24	2	4	11	14	26	18	43	9	0	7	3	5	6	0	18	16	7	3	12	6	0	1	1	2	1
Thiotrichales	2782	1330	303	167	428	284	1082	208	996	273	118	115	1683	195	82	224	1554	159	122	93	437	152	50	111	112	249	139
Pseudomonadales	39265	98364	14151	18996	30502	25719	73934	42562	88475	51354	26293	19127	21824	14916	7268	40874	105518	10875	7829	4512	48409	6129	3554	17375	17722	8219	15523
Enterobacterales	66883	970905	310487	126431	20006	17545	75251	174695	47209	21690	59114	107013	33367	15028	33709	14642	81279	75081	40616	8028	10255	3313	3548	15981	38478	6582	25861
Legionellales	1730	971	226	151	294	217	721	184	677	152	61	92	1048	136	78	159	905	99	105	75	287	70	38	69	71	212	125
Chromatiales	1350	891	201	96	336	197	1246	178	858	144	55	325	891	95	95	137	1225	434	92	176	234	71	22	48	21	136	104
Xanthomonadales	929	2270	444	169	675	475	3425	546	7162	491	550	1123	668	361	1270	239	2649	2481	1588	422	635	175	51	95	51	144	805
Cardiobacteriales	9	66	8	3	11	4	46	13	31	18	2	15	23	8	4	5	75	20	6	3	6	6	1	2	1	1	9
Methylococcales	862	732	174	84	219	187	741	178	660	172	38	120	548	110	52	110	859	160	77	87	179	69	32	75	46	90	128
Oceanospirillales	5606	2783	589	297	860	553	2968	674	2658	673	194	728	3374	373	254	435	4052	862	243	288	705	204	60	251	117	419	333
Alteromonadales	21544	4581	894	588	1149	875	3380	930	3804	801	314	565	12710	593	335	1023	7556	700	420	391	908	286	144	385	212	1259	535
Vibrionales	18014	3751	810	439	849	733	2106	639	2559	647	239	367	10801	426	237	834	5988	400	330	256	816	272	115	245	158	1073	417
Aeromonadales	492071	97629	13679	17294	89796	48836	133638	148310	27956	152142	3267	2321	308161	922	348	7638	31039	681	461	633	7773	360	984	3828	383	66551	25182
Pasteurellales	20216	32912	4020	2813	1682	1001	4524	2053	5110	2498	917	222	12721	658	124	2516	23758	160	172	145	939	95	270	836	5880	537	1171
Salinisphaerales	4	26	9	2	7	2	28	7	27	2	3	4	5	1	1	1	20	6	1	2	7	0	2	4	0	1	3
Orbales	1319	253	68	36	352	53	511	30	3379	175	117	16	827	126	156	511	1087	104	1284	17	40	39	13	107	5	101	32
Acidiferrobacterales	1	5	2	1	3	1	17	4	11	0	1	6	1	1	2	1	11	5	0	5	1	1	0	0	0	0	2
Cellvibrionales	1123	882	221	118	261	203	912	245	828	160	73	218	706	81	114	138	1068	280	97	154	266	83	17	77	29	83	132
Nevskiales	278	205	31	23	52	35	297	52	241	26	14	77	199	12	42	19	338	91	27	50	58	14	4	1	4	18	13
Rhizobiales	5457	11483	2314	1236	5281	4060	18432	7861	21451	9614	2173	4561	3882	4342	2832	3459	18267	7317	3314	2519	8307	2639	849	3907	970	1492	3071
Rickettsiales	465	527	166	75	166	129	256	168	329	140	45	45	369	116	46	78	456	53	72	38	164	60	11	26	17	136	68
Pelagibacterales	235	175	69	29	64	56	74	98	169	66	24	26	187	43	14	47	250	12	23	12	45	18	12	26	11	20	49
Rhodospirillales	2014	8481	1322	835	1194	887	5369	1363	4014	680	484	2987	1667	404	487	688	8926	2078	353	627	1458	313	96	155	123	130	587
Rhodobacterales	1903	4433	852	450	1066	960	5252	958	4180	733	237	1677	1420	581	493	468	5112	2363	456	745	1100	350	91	208	120	275	583
Sphingomonadales	851	2229	471	229	722	405	3662	680	2352	314	192	987	708	322	337	272	3262	1488	248	376	636	173	62	125	101	99	371
Caulobacterales	140	557	123	63	176	129	964	137	705	91	47	363	118	68	91	59	724	526	62	114	128	54	8	28	14	25	99
Parvularculales	9	68	16	9	32	9	104	19	58	6	10	42	22	2	3	5	62	21	6	5	12	3	4	11	1	7	9
Kordiimonadales	6	30	6	3	12	9	36	14	29	4	1	6	9	4	3	3	27	11	9	5	9	3	1	0	1	0	8
Sneathiellales	58	39	2	3	6	8	11	3	23	9	0	3	36	1	4	3	40	7	3	8	5	1	0	11	0	2	0
Kiloniellales	12	32	6	3	7	5	39	3	26	2	2	11	9	2	3	8	27	16	1	1	5	2	1	0	0	4	3
Magnetococcales	26	136	33	9	28	20	103	14	54	11	15	24	21	7	9	3	70	27	8	10	41	11	4	4	5	6	6
Rhodothalassiales	2	4	6	2	2	2	14	1	9	0	0	3	0	0	0	2	11	4	0	1	2	0	1	0	0	0	1
Holosporales	138	142	48	24	59	30	123	32	131	22	7	7	71	14	16	21	121	18	28	7	61	11	9	10	5	15	4
Emcibacterales	5	37	8	10	7	1	26	3	28	5	1	9	10	8	5	2	42	14	1	2	5	3	1	0	1	3	4
Minwuiales	3	4	2	0	3	2	17	4	4	5	1	14	3	2	0	2	22	9	0	1	1	0	1	0	0	0	1
Nitrosomonadales	1069	1204	291	173	243	280	991	291	1086	229	120	299	700	172	111	168	1372	357	108	159	353	103	35	85	47	98	183
Burkholderiales	4958	10680	2175	1093	2957	1745	15484	2449	12996	2705	764	5717	3691	1388	1285	1171	19339	6072	1077	1537	2873	799	258	633	423	541	2616
Neisseriales	2316	3216	616	362	511	284	1827	1651	1748	279	153	384	1441	337	194	263	2233	628	427	191	434	115	55	104	2593	140	336
Rhodocyclales	1603	4689	1424	1050	2952	1481	5155	1192	5033	5431	2050	807	532	372	289	1033	2082	728	292	218	5543	141	148	701	2701	334	1038
Mariprofundales	16	66	14	9	13	8	53	9	32	11	0	10	22	7	4	4	84	45	4	1	34	6	0	0	4	1	10
Bdellovibrionales	407	441	104	58	124	94	294	110	451	209	42	64	271	98	65	50	458	118	68	53	190	56	14	44	24	29	60
Oligoflexales	18	67	14	6	12	12	58	7	54	6	3	13	17	4	5	10	89	23	3	12	17	13	2	11	0	2	9
Silvanigrellales	88	78	21	14	16	22	23	59	28	19	6	3	64	15	6	11	71	1	4	2	17	4	1	12	3	4	13
Bacteriovoracales	299	348	76	34	132	90	375	94	280	88	35	23	191	66	23	50	217	38	46	33	133	17	11	33	16	57	37
Acidithiobacillales	23	98	22	7	43	20	139	19	73	15	15	22	17	14	12	18	101	43	9	7	33	18	5	7	3	7	10
Hydrogenophilales	60	84	13	5	27	15	139	16	123	10	0	38	32	14	13	17	108	51	6	30	23	8	3	5	2	3	14
Myxococcales	311	1399	303	135	608	462	2867	293	1439	171	73	626	317	172	256	154	1776	1118	210	272	468	231	57	53	57	64	190
Desulfuromonadales	258	996	195	78	399	297	1608	285	1204	173	64	413	291	141	128	120	1223	544	154	194	364	108	45	68	45	105	205
Desulfurellales	13	34	16	6	14	5	19	8	22	14	2	2	13	5	2	12	41	4	2	0	6	4	1	2	2	1	3
Desulfovibrionales	1067	4528	926	474	1279	1145	9900	4598	3474	1810	286	6776	1093	1265	770	254	4332	5157	558	1174	2187	748	100	136	388	146	2062
Desulfobacterales	912	1627	367	197	508	572	1885	490	1739	348	121	521	658	312	186	209	1647	658	211	268	614	181	53	101	86	165	307
Syntrophobacterales	348	826	185	95	356	237	1162	190	857	129	37	273	333	116	128	51	768	416	148	197	320	124	31	47	37	95	156
Desulfarculales	53	109	28	15	31	26	136	14	97	9	10	34	28	17	14	13	84	58	16	21	37	10	5	8	5	5	19
Bradymonadales	20	81	10	19	55	30	260	10	90	16	8	30	25	5	17	19	131	66	12	13	31	39	7	3	3	9	16
Campylobacterales	4306	9361	2422	1268	1657	2669	3010	4667	9679	1487	1403	1268	3328	1534	1169	2046	20666	4459	1426	759	6659	2409	783	526	8328	891	3726
Nautiliales	39	64	15	6	18	23	36	33	96	30	5	6	27	26	7	12	50	11	13	1	41	10	2	10	6	6	37
Fusobacteriales	5963	2984	954	553	1197	1014	2083	924	3183	1381	265	338	5605	725	274	575	2521	318	378	197	1113	266	228	409	215	457	10397
Nitrospirales	340	734	156	106	201	169	797	182	702	104	71	133	246	96	69	106	693	221	94	83	236	55	24	77	39	60	119
Acidobacteriales	333	1089	224	122	424	289	1939	266	1190	206	83	442	298	179	169	127	1437	688	183	230	382	142	41	54	51	65	173
Bryobacterales	131	578	91	52	209	141	984	180	796	91	37	269	147	71	107	57	626	399	78	121	169	61	21	33	26	32	68
Holophagales	28	90	21	5	28	14	136	23	69	10	3	63	28	11	6	11	89	66	13	15	17	8	2	1	3	2	13
Thermoanaerobaculales	3	22	3	4	0	4	15	3	13	2	2	4	1	0	0	4	15	4	2	0	2	0	0	0	0	0	0
Dictyoglomales	9	20	3	6	18	12	20	4	21	11	4	5	9	4	3	6	19	3	2	5	7	6	2	11	0	2	14
Endomicrobiales	266	573	4	6	2	15	15	6	29	14	5	2	21	7	5	2	11	5	5	6	18	1	3	4	3	5	3
Elusimicrobiales	6538	21874	5227	2632	164	419	348	1204	2332	75	510	46	3388	227	105	49	575	153	103	36	163	113	9	44	282	72	43
Aquificales	106	140	37	26	47	34	93	44	154	38	21	13	82	28	12	22	135	17	15	8	55	9	2	18	23	8	33
Desulfurobacteriales	27	56	16	4	21	19	61	10	38	15	3	8	25	6	9	5	43	11	11	9	16	10	2	3	27	5	15
Thermotogales	162	385	92	51	118	125	289	109	429	120	23	61	153	83	56	34	394	86	73	58	180	36	20	26	22	37	70
Kosmotogales	36	77	17	10	42	9	80	21	64	11	9	8	35	10	7	10	71	8	11	10	23	11	6	11	17	20	6
Petrotogales	194	284	97	51	95	115	142	63	261	119	59	28	174	47	16	48	187	18	27	32	183	30	26	43	18	70	48
Mesoaciditogales	13	28	12	7	14	7	36	5	23	13	0	16	12	5	6	8	32	10	7	1	5	1	1	0	3	9	124
Deferribacterales	160	300	100	58	74	116	198	111	237	101	27	40	133	49	27	55	273	37	41	41	86	36	17	52	34	42	43
Chrysiogenales	2	17	6	2	4	9	32	9	19	3	2	4	9	5	6	3	40	15	7	11	14	2	4	1	4	4	7
Thermodesulfobacteriales	85	59	17	11	19	12	41	21	35	16	4	18	48	15	3	5	47	10	5	9	24	11	7	12	6	12	18
Spirochaetales	81558	552382	86895	66906	159631	27675	270709	104257	102902	2677	10241	7899	80803	13597	4587	16697	222916	4925	5392	15417	45185	3609	75307	1465	72733	260812	427168
Brachyspirales	36811	104654	54681	20233	9816	31413	8405	4428	35760	83199	36629	2025	53079	7579	6238	17181	103738	2736	9514	3264	82043	13112	7115	5860	8176	5171	71936
Leptospirales	186	368	116	69	226	184	519	162	402	202	43	70	152	101	64	63	399	99	77	67	153	51	16	41	36	40	65
Synergistales	252	695	153	70	145	153	732	115	826	115	63	186	185	82	75	36	592	285	70	81	168	49	19	20	42	51	59
Calditrichales	53	29	4	4	10	7	44	11	29	4	1	7	34	8	5	8	40	10	4	2	30	1	1	1	2	6	6
Coprothermobacterales	2	6	0	0	0	0	2	1	1	0	0	1	0	0	0	0	3	6	6	1	6	1	0	0	0	0	0
Chthoniobacterales	7	37	7	7	9	12	61	9	58	3	0	13	16	3	2	4	30	14	4	7	15	2	0	12	0	0	6
Verrucomicrobiales	753	1616	333	160	541	638	2240	750	1735	336	119	504	629	252	231	158	1964	743	212	321	410	311	28	167	97	123	257
Opitutales	110	313	53	23	86	107	371	92	332	43	19	103	111	47	42	59	366	176	35	66	88	35	13	41	9	13	59
Puniceicoccales	10	13	1	1	18	5	70	4	21	4	1	6	8	3	5	2	17	13	3	4	9	3	1	0	0	1	3
Methylacidiphilales	17	52	17	6	20	13	46	9	54	20	4	3	23	20	10	8	46	13	11	14	18	4	3	5	5	3	7
Planctomycetales	414	780	149	82	388	305	1414	168	640	122	51	223	343	96	88	109	893	329	101	208	243	100	21	52	27	50	148
Pirellulales	69	195	50	23	82	75	267	68	259	34	27	64	53	45	33	36	208	44	22	57	55	24	6	29	14	28	44
Gemmatales	43	137	28	11	63	56	311	33	175	36	11	72	36	34	39	17	150	96	27	34	27	8	3	7	8	3	22
Isosphaerales	12	75	11	6	36	21	162	15	108	13	9	25	22	10	10	12	91	49	4	13	20	7	6	6	1	14	9
Phycisphaerales	123	398	91	33	134	134	563	145	474	82	31	147	122	65	68	55	592	241	41	85	135	38	10	49	33	13	74
Sedimentisphaerales	11	43	13	6	8	10	31	17	37	6	5	20	13	12	8	0	37	10	7	4	15	3	1	5	3	2	6
Candidatus Brocadiales	100	88	20	18	26	24	45	17	48	13	8	4	63	7	8	2	33	10	8	1	14	7	5	5	1	2	10
Chlamydiales	352	820	200	134	690	352	1674	335	1440	579	541	254	271	186	101	272	845	108	143	116	357	384	51	196	162	112	1069
Parachlamydiales	108	110	26	6	30	11	107	9	70	10	6	6	78	17	6	13	90	14	12	10	40	8	1	1	4	5	10
Lentisphaerales	15	64	11	7	1	4	29	7	40	1	2	6	25	1	3	0	11	10	0	10	13	0	2	0	1	2	2
Victivallales	475	1523	333	178	99	289	560	641	382	410	47	254	705	856	516	25	1058	2342	511	494	334	649	22	14	48	128	572
Fibrobacterales	797	1522	354	169	516	323	1583	323	1126	260	252	288	543	177	173	234	1354	429	176	186	416	345	56	154	120	173	219
Fibromonadales	18	30	6	1	8	14	17	8	26	3	1	6	16	6	7	1	11	4	6	2	11	0	10	9	2	4	3
Gemmatimonadales	43	167	43	15	42	65	269	51	220	41	12	71	43	20	27	28	286	157	31	35	78	21	10	11	5	2	36
Bacillales	30296	59003	11273	11515	22929	14952	44346	21906	77745	18386	6537	7435	33266	17074	5635	6983	62633	8213	10088	26610	15223	6200	2950	4056	2102	9640	14500
Lactobacillales	15233	58930	8596	8621	11273	9705	31123	37574	40812	17065	6340	3928	14845	7546	4460	5384	23900	6177	6460	4338	14672	4198	5740	18067	5213	4917	10717
Halanaerobiales	688	745	221	121	264	283	459	332	780	264	56	74	464	217	58	106	575	78	108	66	221	109	32	66	43	118	173
Thermoanaerobacterales	596	1357	350	203	431	425	1284	336	1275	329	102	296	511	279	167	194	1136	297	232	183	471	137	52	134	77	134	263
Clostridiales	1227044	5006549	1043900	597811	1553161	1518005	5167238	2121107	5324230	1505749	486254	1438588	1210994	645026	532076	885464	4513571	1280998	625003	489825	2465836	546847	169119	494176	164905	238988	1607424
Candidatus Borkfalkiales	141	227	49	24	148	83	494	78	271	132	8	75	101	66	48	25	400	113	55	46	109	167	13	5	17	13	26
Erysipelotrichales	29391	95916	29838	13730	89716	47529	141562	331428	319356	176258	10908	8099	40433	40472	18434	16400	72301	15361	33655	8605	58564	9015	3389	75001	15494	9904	32489
Selenomonadales	8814	75827	13846	8558	2784	5160	9370	2448	11679	2036	5406	1947	4594	1406	892	4431	26858	1886	944	872	2168	647	281	3499	954	1911	2500
Acidaminococcales	90986	102859	24326	12951	127683	71488	430943	134626	229385	93094	8756	68171	99569	25881	49829	35175	315343	89166	60927	27412	86943	70387	8384	22504	3787	5976	17884
Veillonellales	8694	100385	24968	14149	2970	3957	8744	2113	69427	28865	7672	2970	8612	846	807	1462	12690	1151	780	1180	11635	488	949	1117	8518	670	1803
Limnochordales	4	20	3	2	11	6	52	10	47	8	2	18	2	6	8	0	53	34	2	5	13	2	0	0	0	0	10
Tissierellales	1494	2303	645	420	878	754	1480	759	2069	836	148	382	1156	520	266	335	1769	287	350	208	890	202	106	242	150	294	2797
Thermales	33	145	31	9	104	43	430	42	150	35	10	93	36	14	40	11	178	193	30	33	47	15	7	9	2	5	20
Deinococcales	149	283	47	19	67	61	476	85	344	41	20	198	109	46	56	26	390	274	36	67	55	27	7	6	4	14	44
Chthonomonadales	29	84	15	6	21	21	86	29	52	12	5	10	27	20	16	4	89	16	6	20	12	13	2	6	0	4	15
Chloroflexales	38	172	42	19	73	37	271	60	151	39	14	48	27	28	25	17	173	80	22	32	57	15	4	19	16	6	27
Kallotenuales	12	48	8	2	6	10	59	5	26	10	1	19	8	3	6	5	66	29	3	9	18	6	1	2	3	0	5
Thermomicrobiales	2	13	0	2	1	2	16	0	10	1	1	1	1	2	2	1	4	8	2	1	2	2	0	0	0	0	4
Sphaerobacterales	2	16	3	1	3	2	21	8	15	0	3	6	1	0	2	0	14	18	3	3	5	3	0	0	0	1	1
Anaerolineales	363	1084	209	118	336	291	1286	278	1183	221	63	345	284	167	135	113	1053	455	148	198	355	79	39	65	59	71	144
Dehalococcoidales	20	117	29	12	24	17	56	14	45	4	4	8	21	6	3	5	45	18	9	12	18	9	3	2	1	6	16
Ktedonobacterales	49	101	17	16	75	53	204	53	149	42	15	32	29	28	24	10	166	35	24	19	54	22	6	14	8	8	24
Thermogemmatisporales	7	24	4	3	1	2	7	0	16	0	2	5	2	2	1	1	19	6	1	0	0	1	0	0	0	0	0
Caldilineales	14	50	12	4	20	17	62	21	47	8	3	49	12	5	12	6	82	37	5	19	14	2	1	0	4	1	9
Ardenticatenales	3	20	3	1	7	7	16	5	24	2	0	13	2	1	2	2	22	5	3	4	8	1	1	0	0	2	3
Thermoflexales	3	12	2	0	6	7	27	2	24	0	0	4	4	3	3	1	15	7	1	6	5	0	0	0	0	0	3
Actinomycetales	332	869	147	92	351	249	2077	211	2218	212	100	568	322	127	256	124	1564	1770	186	188	267	72	22	36	20	54	243
Bifidobacteriales	827	1995	456	230	961	993	4412	865	3206	716	323	1002	933	399	492	361	3044	1503	579	737	821	220	233	168	78	101	1227
Micrococcales	1512	13484	1539	1181	1577	1052	9699	1329	7644	1099	501	2465	1512	596	796	556	7524	4803	519	980	1916	517	106	271	225	233	948
Corynebacteriales	3612	10757	1896	2669	2882	2008	10341	1635	5147	1064	591	1894	4132	938	754	626	5382	3778	630	2133	1311	582	985	274	1073	2019	1503
Micromonosporales	169	611	148	56	178	144	1208	173	902	110	58	535	181	89	133	65	1252	838	82	196	185	65	16	13	17	25	107
Propionibacteriales	252	1008	186	82	324	658	1908	276	1210	167	70	746	242	136	163	104	1615	1142	107	232	225	81	15	47	41	30	260
Pseudonocardiales	366	1235	250	109	333	221	2363	441	1568	181	88	927	308	165	222	124	1934	1555	166	350	336	109	20	49	43	43	238
Streptomycetales	1082	4080	811	424	1399	975	8454	1053	5553	650	306	3386	1014	481	729	451	6436	5820	476	1050	1229	358	89	159	125	125	777
Streptosporangiales	148	852	142	72	320	502	1692	294	1287	103	59	1173	139	104	111	55	1322	1258	80	178	542	54	13	21	29	20	139
Frankiales	51	186	42	14	58	30	327	42	184	31	10	111	66	18	26	18	265	212	17	46	40	10	3	2	2	9	21
Glycomycetales	25	74	15	8	22	16	163	19	114	21	7	54	20	15	20	9	129	103	13	27	14	6	0	0	1	0	12
Catenulisporales	6	43	5	4	28	7	145	10	72	13	2	36	8	8	10	8	91	49	1	13	9	2	1	1	1	0	7
Actinopolysporales	2	28	6	6	11	10	39	10	35	10	6	13	7	14	3	2	42	15	3	3	15	9	2	5	0	4	8
Kineosporiales	7	36	8	5	9	9	72	18	89	7	1	49	17	5	15	2	65	105	6	16	11	1	1	1	6	2	8
Jiangellales	12	78	14	8	21	19	170	21	105	13	0	74	9	13	15	14	135	104	7	19	18	14	0	9	0	2	12
Geodermatophilales	31	179	30	9	51	42	376	42	192	24	10	166	36	23	30	19	375	217	14	53	29	16	3	2	2	2	32
Nakamurellales	8	25	6	3	3	12	41	5	46	0	0	23	9	4	5	1	31	27	0	7	6	0	0	2	0	2	1
Candidatus Nanopelagicales	132	80	10	3	8	18	27	16	55	3	2	5	84	10	4	16	67	17	10	11	23	3	1	5	1	12	4
Sporichthyales	2	9	6	3	9	4	29	2	19	2	2	12	4	3	3	2	28	30	7	3	1	0	0	0	0	0	3
Acidimicrobiales	271	603	139	77	243	159	1254	207	846	124	61	297	192	111	139	97	831	457	85	116	217	80	18	55	26	41	151
Rubrobacterales	17	31	4	6	8	14	93	17	55	7	3	35	20	16	21	3	175	60	25	17	11	1	0	0	2	3	6
Coriobacteriales	1658	28305	7188	2855	33333	3967	256830	17552	48222	11920	2105	32359	2298	4379	7380	3364	45444	57678	6441	6983	6482	5217	247	2144	665	253	3732
Eggerthellales	404	1368	288	165	814	522	5122	1249	3902	626	125	1258	506	397	585	216	2914	3702	533	431	760	209	52	74	35	59	352
Nitriliruptorales	4	16	3	0	2	2	14	2	17	2	0	6	3	2	5	0	12	8	3	1	2	3	1	0	0	0	1
Euzebyales	13	24	3	3	2	2	43	2	47	0	2	5	14	0	2	1	37	24	1	3	2	1	0	0	0	1	1
Egibacterales	1	19	2	5	4	2	25	2	9	0	5	4	2	2	4	1	24	26	0	3	5	0	0	0	1	1	0
Solirubrobacterales	32	130	20	10	21	22	150	30	174	12	13	75	23	13	16	15	176	126	11	19	30	5	2	2	2	1	16
Thermoleophilales	1	0	0	1	0	3	2	0	2	0	0	2	2	0	1	0	6	4	1	0	0	0	0	0	0	0	1
Mycoplasmatales	13114	42203	15942	8655	4587	1124	4401	559	2679	966	1684	1510	10403	2688	1119	1316	6599	491	2056	285	3529	233	91	301	381	339	13374
Entomoplasmatales	268	505	194	87	266	196	448	155	430	219	57	39	224	158	53	109	473	46	92	22	157	32	23	54	34	67	129
Acholeplasmatales	640	1540	526	316	1034	449	990	1294	748	403	79	130	859	2868	1289	135	1698	490	1788	119	6057	226	22	69	139	97	520
Anaeroplasmatales	43	54	14	8	27	40	42	35	99	30	2	10	41	20	3	20	92	4	10	5	31	2	5	13	6	19	7
Candidatus Eremiobacterales	4	3	1	2	0	4	11	5	7	1	0	4	3	1	0	0	8	8	0	1	0	0	0	1	0	3	0
Nitrospinales	44	115	23	4	29	26	126	33	80	17	6	35	40	12	3	25	72	32	8	23	27	4	4	11	7	15	22
Caldisericales	0	0	0	0	0	0	0	0	0	0	0	0	0	0	0	1	1	0	0	0	0	0	0	0	0	0	1
Candidatus Cryosericales	3	36	2	4	5	4	63	2	9	1	2	3	3	3	1	2	8	5	2	3	6	2	0	0	1	1	3
Candidatus Peribacterales	2	18	12	3	6	5	19	0	9	1	2	4	3	2	2	8	50	5	1	2	8	2	0	1	1	0	2
Flavobacteriales	11461	14143	3751	2134	7577	6007	16264	5337	16226	6249	2206	2412	7518	4657	2438	3619	16485	3160	3423	2416	6062	2270	1132	2580	1355	2856	3670
Sphingobacteriales	2313	3501	851	443	1770	1599	4482	1364	5026	1456	557	826	1582	1188	656	1100	4884	936	879	698	1570	603	258	710	400	624	907
Bacteroidales	1782358	5884568	1063009	690676	2473496	1741431	6389441	3276160	9858837	4519906	1650512	1291233	957049	1253070	583855	2866613	7925137	929734	699082	511817	2735154	444327	198006	1711685	1443016	395107	865773
Marinilabiliales	1026	1657	354	203	1124	939	2862	675	2667	764	289	443	682	577	369	493	2316	614	509	383	889	460	144	324	100	235	542
Cytophagales	2431	4879	1124	586	2542	1882	7100	1757	5901	1658	749	1153	1749	1308	919	1166	6557	1563	1118	998	2005	784	282	823	449	618	1013
Bacteroidetes Order II. Incertae sedis	73	172	29	16	80	38	286	36	143	32	6	55	57	20	27	16	164	103	23	43	60	11	7	18	6	9	23
Chitinophagales	1677	2310	543	296	1213	896	3593	877	3162	782	325	542	1062	593	448	580	3122	761	509	492	1152	427	127	370	174	329	541
Saprospirales	224	355	94	47	396	218	1162	192	627	158	94	121	173	111	61	120	633	146	92	120	185	86	27	63	72	44	117
Chlorobiales	97	282	46	37	111	99	348	94	287	60	25	55	82	31	44	35	324	99	54	44	106	42	10	28	29	28	53
Ignavibacteriales	178	329	102	53	186	127	316	92	306	107	76	38	161	86	39	55	366	70	48	38	136	23	38	24	34	93	144
Rhodothermales	20	47	12	7	38	19	143	25	81	11	9	23	13	10	16	9	62	30	13	26	36	19	1	3	2	4	7
Balneolales	93	131	16	10	44	58	115	21	187	44	7	12	55	27	15	22	218	17	16	17	44	17	4	10	10	19	30
Nostocales	1569	2237	538	309	700	525	1515	553	1883	657	225	263	1103	351	204	293	1577	322	275	126	574	226	68	251	178	271	304
Pleurocapsales	64	73	19	7	33	59	149	17	86	18	5	7	68	13	10	16	88	19	11	0	29	11	1	5	5	14	7
Gloeobacterales	3	25	8	4	8	7	53	5	37	4	5	25	5	2	9	3	55	19	8	11	12	3	0	2	1	1	5
Synechococcales	550	1175	265	148	417	315	1429	290	1045	303	128	273	449	253	141	123	1245	382	159	150	452	116	29	122	88	102	200
Spirulinales	27	67	11	5	40	36	67	18	35	21	5	10	9	3	1	5	30	11	10	3	20	11	2	8	5	4	12
Chroococcidiopsidales	8	137	37	21	2	33	7	9	49	27	7	4	5	7	0	4	2	5	0	1	42	0	2	5	3	5	3
Gloeoemargaritales	0	7	2	1	0	0	10	2	4	1	0	3	1	1	0	1	5	6	0	1	3	0	0	1	0	1	0
Chroococcales	428	355	103	70	137	101	278	138	266	94	34	27	279	68	48	65	262	56	51	28	104	20	25	25	13	48	54
Oscillatoriales	1113	1231	268	151	568	572	1012	521	1073	396	112	189	704	275	106	364	1282	220	138	173	505	110	76	171	65	291	166
Candidatus Gastranaerophilales	16395	35457	3906	5042	11022	12336	19038	26570	47320	52828	4709	2115	15310	9998	1572	4782	17372	1371	2721	550	19043	1901	1057	6823	5038	2243	6621
Candidatus Caenarcaniphilales	12	26	18	7	18	13	22	3	26	6	2	2	12	5	3	2	22	1	6	2	15	1	3	2	1	3	4
Candidatus Babeliales	5	11	3	2	28	10	22	0	11	7	2	3	9	2	1	1	16	0	2	3	6	2	0	2	1	0	4
Thermococcales	104	131	25	21	45	69	149	37	164	22	16	33	73	25	32	20	136	43	26	27	42	22	3	6	2	7	22
Archaeoglobales	27	44	17	5	35	39	72	27	131	14	5	12	14	9	13	7	74	21	14	10	23	13	11	9	2	5	5
Methanopyrales	2	0	0	0	1	1	3	1	2	2	0	3	0	0	0	0	4	1	0	0	0	0	0	0	0	0	1
Candidatus Methanoliparales	3	7	1	0	0	0	7	2	3	2	0	4	3	1	0	0	4	2	0	0	1	2	1	5	1	0	0
Methanobacteriales	8645	12364	4287	1987	4325	11633	5770	2792	24434	501	594	314	15473	4440	3161	312	4450	2331	5388	2671	3422	1715	2591	300	374	1436	3099
Methanococcales	205	145	46	29	40	49	56	112	97	43	6	15	126	30	12	18	52	9	22	8	59	10	20	40	18	21	29
Thermoplasmatales	39	76	17	21	20	53	73	23	125	107	10	38	34	12	12	14	81	33	13	36	29	16	4	5	3	10	31
Methanomassiliicoccales	8339	27139	4873	2246	870	4063	4017	110	36657	149	755	1084	8734	3701	3642	320	18171	13613	2619	5507	1138	122	12	10	592	427	2774
Candidatus Poseidoniales	384	439	126	47	137	173	394	123	483	102	40	57	256	95	52	78	425	111	81	48	159	55	15	41	18	127	89
Halobacteriales	166	432	88	45	112	100	755	116	584	67	30	255	142	43	64	35	524	410	38	70	116	45	14	29	10	14	79
Haloferacales	179	323	66	54	283	136	945	113	386	62	25	146	144	45	50	26	426	302	49	100	99	37	15	10	9	7	38
Natrialbales	44	148	33	12	58	63	261	53	221	45	20	91	56	14	23	21	265	184	24	41	45	13	8	6	6	6	41
Methanomicrobiales	253	745	131	79	229	327	771	134	1116	96	47	1059	239	110	116	60	656	294	126	194	193	106	23	46	31	94	181
Methanosarcinales	380	547	117	71	185	253	549	188	624	171	55	115	273	117	76	79	518	127	98	77	209	71	28	66	40	104	117
Methanocellales	12	70	38	8	17	8	18	10	21	0	3	6	12	6	3	0	21	14	11	3	6	5	0	0	0	0	13
Methanophagales	14	23	6	4	6	8	54	4	25	1	2	6	2	8	5	4	23	13	6	8	7	3	0	5	0	4	8
Thermoproteales	67	65	12	8	25	21	139	20	37	10	0	12	29	15	12	12	63	25	6	6	16	5	2	1	6	7	7
Sulfolobales	101	143	56	30	61	39	137	44	136	60	12	12	63	15	20	19	114	17	27	13	30	12	9	7	4	8	22
Desulfurococcales	11	38	10	4	26	33	57	8	41	11	1	8	1	20	5	10	47	8	5	4	8	3	4	1	4	1	8
Fervidicoccales	2	0	0	0	10	7	34	2	1	1	0	0	0	0	0	0	0	0	0	0	0	1	0	0	0	0	1
Acidilobales	10	31	13	2	12	31	22	45	12	16	3	0	6	6	2	8	19	10	3	4	18	2	2	3	3	2	2
Nitrosopumilales	25	90	25	15	38	59	92	32	65	29	6	21	26	19	9	26	105	10	14	14	47	21	4	14	8	13	18
Cenarchaeales	0	2	1	0	0	0	3	0	4	0	0	2	0	1	5	0	2	24	1	0	0	0	0	0	0	0	1
Nitrososphaerales	32	91	28	16	28	16	84	28	63	82	8	13	23	18	7	9	74	15	19	14	55	8	3	7	16	5	13
Candidatus Nitrosocaldales	2	7	2	0	2	0	4	10	0	1	1	0	1	0	1	0	3	2	1	0	0	0	0	0	0	0	0
Candidatus Methanomethyliales	0	10	2	0	1	1	1	1	5	1	0	0	0	0	0	0	1	0	1	0	1	1	0	0	0	0	1
Nanoarchaeales	7	0	1	0	8	1	3	0	2	1	0	1	6	2	1	0	3	0	1	0	22	0	0	5	0	1	0
Candidatus Altiarchaeales	33	52	14	6	18	19	32	10	55	14	1	20	30	6	6	3	41	15	11	1	31	3	6	1	2	8	5
